$MeshFormat
4.1 0 8
$EndMeshFormat
$Entities
4 4 1 0
1 0 100 0 0 
2 0 0 0 0 
3 50 0 0 0 
4 50 100 0 0 
1 -1e-007 -1.000000011686097e-007 -1e-007 1e-007 100.0000001 1e-007 0 2 1 -2 
2 -1.000000011686097e-007 -1e-007 -1e-007 50.0000001 1e-007 1e-007 0 2 2 -3 
3 49.9999999 -1.000000011686097e-007 -1e-007 50.0000001 100.0000001 1e-007 0 2 3 -4 
4 -1.000000011686097e-007 99.99999990000001 -1e-007 50.0000001 100.0000001 1e-007 0 2 4 -1 
1 -1.000000011686097e-007 -1.000000011686097e-007 -1e-007 50.0000001 100.0000001 1e-007 0 4 1 2 3 4 
$EndEntities
$Nodes
9 8 1 8
0 1 0 1
1
0 100 0
0 2 0 1
2
0 0 0
0 3 0 1
3
50 0 0
0 4 0 1
4
50 100 0
1 1 0 1
5
0 50 0
1 2 0 0
1 3 0 1
6
50 50 0
1 4 0 0
2 1 0 2
7
8
25 75 0
25 25 0
$EndNodes
$Elements
9 18 1 18
0 1 15 1
1 1 
0 2 15 1
2 2 
0 3 15 1
3 3 
0 4 15 1
4 4 
1 1 1 2
5 1 5 
6 5 2 
1 2 1 1
7 2 3 
1 3 1 2
8 3 6 
9 6 4 
1 4 1 1
10 4 1 
2 1 2 8
11 1 7 4 
12 5 7 1 
13 3 8 2 
14 2 8 5 
15 6 8 3 
16 4 7 6 
17 6 7 5 
18 5 8 6 
$EndElements
