0 2 1 
2 3 1 
3 4 1 
4 5 1 
5 6 1 
6 7 1 
7 8 1 
8 9 1 
9 10 1 
10 11 1 
11 12 1 
12 13 1 
13 14 1 
14 15 1 
15 16 1 
16 17 1 
17 18 1 
18 19 1 
19 20 1 
20 21 1 
21 22 1 
22 23 1 
23 24 1 
24 25 1 
25 26 1 
26 27 1 
27 28 1 
28 29 1 
29 30 1 
30 31 1 
31 32 1 
32 33 1 
33 34 1 
34 35 1 
35 36 1 
36 37 1 
37 38 1 
38 39 1 
39 40 1 
40 1 1 
1 41 0 
41 42 0 
42 43 0 
43 44 0 
44 45 0 
45 46 0 
46 47 0 
47 48 0 
48 49 0 
49 50 0 
50 51 0 
51 52 0 
52 53 0 
53 54 0 
54 55 0 
55 56 0 
56 57 0 
57 58 0 
58 59 0 
59 60 0 
60 61 0 
61 62 0 
62 63 0 
63 64 0 
64 65 0 
65 66 0 
66 67 0 
67 68 0 
68 69 0 
69 70 0 
70 71 0 
71 72 0 
72 73 0 
73 74 0 
74 75 0 
75 76 0 
76 77 0 
77 78 0 
78 79 0 
79 80 0 
80 81 0 
81 82 0 
82 83 0 
83 84 0 
84 85 0 
85 86 0 
86 87 0 
87 88 0 
88 89 0 
89 90 0 
90 91 0 
91 92 0 
92 93 0 
93 94 0 
94 95 0 
95 0 0 
