(529, 2)
0 0.12 
0 0 
0 0.117 
0 0.114 
0 0.111 
0 0.108 
0 0.105 
0 0.102 
0 0.099 
0 0.096 
0 0.093 
0 0.09 
0 0.087 
0 0.084 
0 0.081 
0 0.078 
0 0.075 
0 0.072 
0 0.069 
0 0.066 
0 0.063 
0 0.06 
0 0.057 
0 0.054 
0 0.051 
0 0.048 
0 0.045 
0 0.042 
0 0.039 
0 0.036 
0 0.033 
0 0.03 
0 0.027 
0 0.024 
0 0.021 
0 0.018 
0 0.015 
0 0.012 
0 0.009 
0 0.006 
0 0.003 
0.00293552 4.58018e-05 
0.00586837 0.000178546 
0.00879527 0.00040728 
0.0117119 0.00074235 
0.0146124 0.00119557 
0.0174893 0.00178037 
0.0203323 0.00251185 
0.0231281 0.00340672 
0.0258591 0.00448289 
0.0285026 0.00575861 
0.0310299 0.00725089 
0.0334063 0.00897292 
0.0355923 0.0109308 
0.0375461 0.0131201 
0.0392293 0.0155235 
0.0406118 0.0181116 
0.0416758 0.0208461 
0.0424166 0.0236855 
0.04284 0.0265894 
0.0429572 0.0295217 
0.0427803 0.0324511 
0.0423168 0.0353491 
0.041575 0.0381887 
0.0405837 0.0409514 
0.0393905 0.0436334 
0.0380522 0.0462463 
0.0366252 0.0488121 
0.0351609 0.0513569 
0.0337037 0.0539056 
0.0322909 0.0564793 
0.0309536 0.0590928 
0.0297159 0.061755 
0.0285961 0.0644687 
0.0276061 0.0672324 
0.026752 0.0700411 
0.026035 0.0728879 
0.0254354 0.0757618 
0.024914 0.0786511 
0.0244384 0.0815483 
0.0239821 0.0844486 
0.0235218 0.0873482 
0.0230359 0.0902437 
0.0225026 0.0931308 
0.0218994 0.096004 
0.0212013 0.0988556 
0.0203802 0.101674 
0.0194041 0.104443 
0.0182364 0.107136 
0.0168379 0.109716 
0.0151717 0.112131 
0.0132125 0.114315 
0.0109607 0.116194 
0.00845012 0.117711 
0.00574201 0.118838 
0.00290556 0.119589 
0.0315575 0.0338816 
0.0234394 0.0518435 
0.0232161 0.0154181 
0.0115304 0.0320688 
0.00854342 0.067031 
0.0111181 0.0877929 
0.0118502 0.0126073 
0.0103488 0.0545215 
0.0106896 0.042614 
0.021956 0.0395125 
0.0152591 0.0764652 
0.0220514 0.0279318 
0.0105628 0.099202 
0.0309097 0.0227416 
0.0190604 0.0632858 
0.0137296 0.0224052 
0.0305395 0.0435092 
0.00873356 0.107746 
0.00635594 0.078 
0.0127899 0.0175063 
0.00686481 0.0232026 
0.00592511 0.0183037 
0.0105192 0.0485677 
0.0170645 0.0472287 
0.0168941 0.0531825 
0.0171598 0.0698755 
0.0225477 0.0680868 
0.020647 0.0746765 
0.0163228 0.0410632 
0.0226977 0.045678 
0.00585594 0.00637118 
0.00592511 0.0123037 
0.0138019 0.0651584 
0.0119013 0.0717481 
0.011781 0.00667483 
0.00555905 0.0858964 
0.00555905 0.0918964 
0.0167432 0.0357907 
0.01111 0.0373414 
0.0167909 0.0300003 
0.0220037 0.0337221 
0.01263 0.027237 
0.0057652 0.0280344 
0.0174891 0.00800701 
0.0175331 0.0140127 
0.0231721 0.0094124 
0.0369335 0.0261316 
0.0357608 0.0204266 
0.032158 0.0158572 
0.0108404 0.0934974 
0.00528139 0.097601 
0.0312336 0.0283116 
0.0372574 0.0317017 
0.0270629 0.0190798 
0.0283112 0.0121955 
0.00548035 0.112097 
0.00528139 0.103601 
0.00964817 0.103474 
0.00436678 0.107873 
0.00984713 0.11197 
0.0264805 0.0253367 
0.0226337 0.0216749 
0.0243882 0.0625204 
0.0178905 0.0251685 
0.0184728 0.0189116 
0.00317797 0.081 
0.00873702 0.0828964 
0.00534478 0.045307 
0.00517441 0.0512608 
0.00517441 0.0572608 
0.00944612 0.0607763 
0.00427171 0.0635155 
0.0212499 0.0575647 
0.0147046 0.0589037 
0.00427171 0.0695155 
0.00534478 0.039307 
0.0057652 0.0340344 
0.0360706 0.0374165 
0.0265777 0.0567992 
0.0293001 0.0516002 
0.0165087 0.0918985 
0.0175501 0.0861207 
0.0196206 0.0804569 
0.0131886 0.082129 
0.0143996 0.103169 
0.0162311 0.097603 
0.0268044 0.0309067 
0.0267568 0.0366971 
0.0108075 0.0772326 
0.00744968 0.0725155 
0.00317797 0.075 
0.0262478 0.0415108 
0.0269894 0.0476764 
0.0328502 0.047433 
0.0310485 0.0386954 
0.0355616 0.0422303 
0.013485 0.107441 
0.0123201 0.0150568 
0.00935751 0.017905 
0.00888766 0.0154555 
0.00982736 0.0203544 
0.00639496 0.0207531 
0.0132598 0.0199557 
0.0102972 0.0228039 
0.0034324 0.0236013 
0.00296255 0.0211518 
0.010434 0.0515446 
0.0137066 0.0508751 
0.0136215 0.053852 
0.0137918 0.0478982 
0.0169793 0.0502056 
0.0106044 0.0455909 
0.013877 0.0449214 
0.0202519 0.0495361 
0.0201667 0.052513 
0.0162094 0.0731703 
0.0189034 0.072276 
0.0179531 0.0755708 
0.0198537 0.0689812 
0.0215974 0.0713817 
0.0181101 0.0665806 
0.020804 0.0656863 
0.0242913 0.0704874 
0.023341 0.0737822 
0.0135062 0.0418386 
0.0166936 0.044146 
0.0195102 0.0433706 
0.0198811 0.0464534 
0.0191394 0.0402879 
0.0223269 0.0425953 
0.0230685 0.0487608 
0.00292797 0.00618559 
0.00292797 0.00918559 
0.00293418 0.00308927 
0.00586216 0.00327486 
0.00878391 0.00355676 
0.00296255 0.0121518 
0.00296255 0.0151518 
0.00592511 0.0153037 
0.00296255 0.0181518 
0.00888766 0.0124555 
0.0111727 0.0660947 
0.0128516 0.0684532 
0.0102223 0.0693895 
0.0154808 0.0675169 
0.0145305 0.0708118 
0.0164312 0.0642221 
0.0135802 0.0741066 
0.0117465 0.00370859 
0.00881849 0.006523 
0.00885308 0.00948924 
0.00589052 0.00933742 
0.0118156 0.00964107 
0.00277952 0.0849482 
0.00277952 0.0879482 
0.00555905 0.0888964 
0.00277952 0.0909482 
0.00833857 0.0868447 
0.00833857 0.0898447 
0.00277952 0.0939482 
0.0141368 0.0339297 
0.0139266 0.036566 
0.0113202 0.0347051 
0.016533 0.038427 
0.0137164 0.0392023 
0.0193496 0.0376516 
0.0108998 0.0399777 
0.0141606 0.0310346 
0.016767 0.0328955 
0.0193973 0.0318612 
0.0193734 0.0347564 
0.0194211 0.028966 
0.0220275 0.030827 
0.0219798 0.0366173 
0.006315 0.0256185 
0.0028826 0.0260172 
0.0097474 0.0252198 
0.0091976 0.0276357 
0.0131798 0.0248211 
0.0120802 0.0296529 
0.0086478 0.0300516 
0.0203086 0.00570687 
0.0174892 0.00489369 
0.0146351 0.00734092 
0.0146352 0.0042276 
0.0146697 0.0103072 
0.0203746 0.0147154 
0.0203526 0.0117126 
0.0231941 0.0124152 
0.0175111 0.0110099 
0.0203306 0.00870971 
0.0146917 0.01331 
0.0231501 0.00640956 
0.0399453 0.0278267 
0.039675 0.0249086 
0.0363471 0.0232791 
0.0390887 0.022056 
0.0339216 0.0244366 
0.0333352 0.0215841 
0.0381863 0.0192691 
0.0366534 0.0167733 
0.0339594 0.0181419 
0.0348521 0.0144886 
0.0315339 0.0192994 
0.0327822 0.0124151 
0.0109793 0.0906452 
0.00819974 0.0926969 
0.00806091 0.0955492 
0.00542022 0.0947487 
0.0107016 0.0963497 
0.00792208 0.0984015 
0.00264069 0.0968005 
0.0313956 0.0310966 
0.0342455 0.0300066 
0.0344074 0.0327916 
0.0340835 0.0272216 
0.0370954 0.0289166 
0.0310717 0.0255266 
0.0401073 0.0306117 
0.0302346 0.0140264 
0.0308588 0.0105842 
0.0296105 0.0174685 
0.0276871 0.0156377 
0.0289863 0.0209107 
0.0251395 0.017249 
0.0257636 0.0138068 
0.00287101 0.116419 
0.00274017 0.113049 
0.00561118 0.115468 
0.00274017 0.110049 
0.00822052 0.114146 
0.00264069 0.0998005 
0.00528139 0.100601 
0.00264069 0.1028 
0.00792208 0.101401 
0.00264069 0.1058 
0.0101055 0.101338 
0.00746478 0.103537 
0.00700747 0.105673 
0.00482408 0.105737 
0.00919086 0.10561 
0.00655017 0.107809 
0.00218339 0.107936 
0.00492356 0.109985 
0.00710695 0.109921 
0.00766374 0.112034 
0.00929034 0.109858 
0.0104039 0.114082 
0.0248483 0.0203774 
0.0229249 0.0185465 
0.0267717 0.0222082 
0.0245571 0.0235058 
0.0286951 0.0240391 
0.024266 0.0266342 
0.0223425 0.0248034 
0.0250769 0.0676596 
0.0234679 0.0653036 
0.0259971 0.0648764 
0.0217243 0.0629031 
0.0270521 0.0621377 
0.0199709 0.0265501 
0.0202621 0.0234217 
0.0181817 0.0220401 
0.0205533 0.0202933 
0.01581 0.0237868 
0.0161012 0.0206584 
0.0208445 0.0171649 
0.00158899 0.0825 
0.00436851 0.0834482 
0.00595749 0.0819482 
0.00714803 0.0843964 
0.00476696 0.0795 
0.00754648 0.0804482 
0.00992756 0.0853447 
0.00267239 0.0466535 
0.0052596 0.0482839 
0.00258721 0.0496304 
0.00793199 0.0469374 
0.00784681 0.0499143 
0.00801718 0.0439605 
0.00776162 0.0528911 
0.00258721 0.0586304 
0.00472306 0.0603881 
0.00213585 0.0617577 
0.00731027 0.0590185 
0.00685892 0.0621459 
0.00776162 0.0558911 
0.00989747 0.0576489 
0.00899477 0.0639036 
0.00640756 0.0652732 
0.0223446 0.0547041 
0.019072 0.0553736 
0.0179773 0.0582342 
0.0157994 0.0560431 
0.0201552 0.0604252 
0.0168825 0.0610947 
0.0125267 0.0567126 
0.00213585 0.0647577 
0.00427171 0.0665155 
0.00213585 0.0677577 
0.00640756 0.0682732 
0.00213585 0.0707577 
0.00843759 0.0356879 
0.0086478 0.0330516 
0.00822738 0.0383242 
0.00555499 0.0366707 
0.00801718 0.0409605 
0.00267239 0.0376535 
0.0028826 0.0350172 
0.00258721 0.0526304 
0.00517441 0.0542608 
0.00258721 0.0556304 
0.0028826 0.0290172 
0.0057652 0.0310344 
0.0028826 0.0320172 
0.00267239 0.0406535 
0.00534478 0.042307 
0.00267239 0.0436535 
0.0284069 0.00897706 
0.0257416 0.010804 
0.0258373 0.00758551 
0.0383271 0.0391839 
0.0391937 0.0363828 
0.036664 0.0345591 
0.0397871 0.0335254 
0.0338141 0.0356491 
0.0281468 0.0592771 
0.0294343 0.0566393 
0.0279389 0.0541997 
0.0307955 0.0540397 
0.0250085 0.0543214 
0.0263698 0.0517219 
0.0322305 0.0514785 
0.019204 0.0939512 
0.0197723 0.0910711 
0.0170294 0.0890096 
0.020293 0.0881822 
0.0138134 0.0898457 
0.0143341 0.0869568 
0.0207661 0.0852847 
0.0218014 0.0824527 
0.0222673 0.079554 
0.0201338 0.0775667 
0.0227805 0.0766638 
0.0174399 0.078461 
0.0121533 0.084961 
0.0153694 0.0841249 
0.0164046 0.081293 
0.0185854 0.0832888 
0.0142238 0.0792971 
0.016318 0.105152 
0.0173899 0.102421 
0.0153153 0.100386 
0.0183057 0.0996386 
0.0124812 0.101185 
0.0133969 0.0984025 
0.0190652 0.0968035 
0.0163699 0.0947507 
0.0135357 0.0955502 
0.0136746 0.0926979 
0.0243802 0.0352096 
0.0243564 0.0381048 
0.0244041 0.0323144 
0.0267806 0.0338019 
0.0244279 0.0294192 
0.029181 0.0323942 
0.0291571 0.0352893 
0.0130333 0.0768489 
0.0113544 0.0744903 
0.0091286 0.074874 
0.00967547 0.0721318 
0.00858173 0.0776163 
0.00690281 0.0752577 
0.00799655 0.0697732 
0.00586069 0.0710155 
0.00531382 0.0737577 
0.00372484 0.0722577 
0.00476696 0.0765 
0.00158899 0.0735 
0.0241019 0.0405117 
0.0244727 0.0435944 
0.0266186 0.0445936 
0.0248436 0.0466772 
0.0283936 0.04251 
0.0287645 0.0455928 
0.0252144 0.0497599 
0.0120754 0.05984 
0.0142533 0.062031 
0.011624 0.0629673 
0.0281448 0.0496383 
0.0299198 0.0475547 
0.0310752 0.0495166 
0.0316949 0.0454711 
0.0340056 0.0493949 
0.0109628 0.0825127 
0.00977227 0.0800645 
0.0119981 0.0796808 
0.0254829 0.0596598 
0.022819 0.0600425 
0.0239138 0.057182 
0.018003 0.0164622 
0.0156314 0.0182089 
0.0151615 0.0157595 
0.0266425 0.0281217 
0.0288571 0.0268241 
0.029019 0.0296091 
0.031303 0.0362885 
0.0289026 0.0376962 
0.0286481 0.0401031 
0.0265023 0.039104 
0.030794 0.0411023 
0.0354512 0.0468397 
0.0342059 0.0448316 
0.0368069 0.0442383 
0.0330505 0.0428697 
0.0380726 0.0415908 
0.0358161 0.0398234 
0.033305 0.0404628 
0.0335596 0.0380559 
0.0125094 0.11205 
0.011666 0.109705 
0.0143283 0.109786 
0.0111093 0.107593 
0.0158607 0.107288 
0.00158899 0.0765 
0.00317797 0.078 
0.00158899 0.0795 
0.0147104 0.0286187 
0.0152602 0.0262027 
0.0173407 0.0275844 
0.0139423 0.105305 
0.0115666 0.105457 
0.0120239 0.103321 
