(4729, 2)
1.83691e-18 0.13 
-5.51073e-18 0.01 
0.06 0.07 
0 0.1288 
0 0.1276 
0 0.1264 
0 0.1252 
0 0.124 
0 0.1228 
0 0.1216 
0 0.1204 
0 0.1192 
0 0.118 
0 0.1168 
0 0.1156 
0 0.1144 
0 0.1132 
0 0.112 
0 0.1108 
0 0.1096 
0 0.1084 
0 0.1072 
0 0.106 
0 0.1048 
0 0.1036 
0 0.1024 
0 0.1012 
0 0.1 
0 0.0988 
0 0.0976 
0 0.0964 
0 0.0952 
0 0.094 
0 0.0928 
0 0.0916 
0 0.0904 
0 0.0892 
0 0.088 
0 0.0868 
0 0.0856 
0 0.0844 
0 0.0832 
0 0.082 
0 0.0808 
0 0.0796 
0 0.0784 
0 0.0772 
0 0.076 
0 0.0748 
0 0.0736 
0 0.0724 
0 0.0712 
0 0.07 
0 0.0688 
0 0.0676 
0 0.0664 
0 0.0652 
0 0.064 
0 0.0628 
0 0.0616 
0 0.0604 
0 0.0592 
0 0.058 
0 0.0568 
0 0.0556 
0 0.0544 
0 0.0532 
0 0.052 
0 0.0508 
0 0.0496 
0 0.0484 
0 0.0472 
0 0.046 
0 0.0448 
0 0.0436 
0 0.0424 
0 0.0412 
0 0.04 
0 0.0388 
0 0.0376 
0 0.0364 
0 0.0352 
0 0.034 
0 0.0328 
0 0.0316 
0 0.0304 
0 0.0292 
0 0.028 
0 0.0268 
0 0.0256 
0 0.0244 
0 0.0232 
0 0.022 
0 0.0208 
0 0.0196 
0 0.0184 
0 0.0172 
0 0.016 
0 0.0148 
0 0.0136 
0 0.0124 
0 0.0112 
0.00119293 0.0100119 
0.00238539 0.0100474 
0.00357691 0.0101067 
0.00476701 0.0101897 
0.00595523 0.0102963 
0.00714109 0.0104265 
0.00832413 0.0105802 
0.00950388 0.0107575 
0.0106799 0.0109581 
0.0118516 0.0111822 
0.0130187 0.0114294 
0.0141807 0.0116998 
0.015337 0.0119933 
0.0164873 0.0123097 
0.017631 0.0126489 
0.0187678 0.0130108 
0.0198972 0.0133952 
0.0210187 0.013802 
0.0221318 0.014231 
0.0232363 0.014682 
0.0243315 0.015155 
0.0254171 0.0156496 
0.0264927 0.0161657 
0.0275578 0.016703 
0.0286121 0.0172615 
0.029655 0.0178408 
0.0306861 0.0184407 
0.0317052 0.019061 
0.0327117 0.0197014 
0.0337053 0.0203618 
0.0346855 0.0210417 
0.0356521 0.021741 
0.0366045 0.0224594 
0.0375425 0.0231966 
0.0384656 0.0239522 
0.0393735 0.0247261 
0.0402659 0.0255179 
0.0411423 0.0263273 
0.0420025 0.0271539 
0.0428461 0.0279975 
0.0436727 0.0288577 
0.0444821 0.0297341 
0.0452739 0.0306265 
0.0460478 0.0315344 
0.0468034 0.0324575 
0.0475406 0.0333955 
0.048259 0.0343479 
0.0489583 0.0353145 
0.0496382 0.0362947 
0.0502986 0.0372883 
0.050939 0.0382948 
0.0515593 0.0393139 
0.0521592 0.040345 
0.0527385 0.0413879 
0.053297 0.0424422 
0.0538343 0.0435073 
0.0543504 0.0445829 
0.054845 0.0456685 
0.055318 0.0467637 
0.055769 0.0478682 
0.056198 0.0489813 
0.0566048 0.0501028 
0.0569892 0.0512322 
0.0573511 0.052369 
0.0576903 0.0535127 
0.0580067 0.054663 
0.0583002 0.0558193 
0.0585706 0.0569813 
0.0588178 0.0581484 
0.0590419 0.0593201 
0.0592425 0.0604961 
0.0594198 0.0616759 
0.0595735 0.0628589 
0.0597037 0.0640448 
0.0598103 0.065233 
0.0598933 0.0664231 
0.0599526 0.0676146 
0.0599881 0.0688071 
0.0599881 0.0711929 
0.0599526 0.0723854 
0.0598933 0.0735769 
0.0598103 0.074767 
0.0597037 0.0759552 
0.0595735 0.0771411 
0.0594198 0.0783241 
0.0592425 0.0795039 
0.0590419 0.0806799 
0.0588178 0.0818516 
0.0585706 0.0830187 
0.0583002 0.0841807 
0.0580067 0.085337 
0.0576903 0.0864873 
0.0573511 0.087631 
0.0569892 0.0887678 
0.0566048 0.0898972 
0.056198 0.0910187 
0.055769 0.0921318 
0.055318 0.0932363 
0.054845 0.0943315 
0.0543504 0.0954171 
0.0538343 0.0964927 
0.053297 0.0975578 
0.0527385 0.0986121 
0.0521592 0.099655 
0.0515593 0.100686 
0.050939 0.101705 
0.0502986 0.102712 
0.0496382 0.103705 
0.0489583 0.104686 
0.048259 0.105652 
0.0475406 0.106605 
0.0468034 0.107542 
0.0460478 0.108466 
0.0452739 0.109374 
0.0444821 0.110266 
0.0436727 0.111142 
0.0428461 0.112003 
0.0420025 0.112846 
0.0411423 0.113673 
0.0402659 0.114482 
0.0393735 0.115274 
0.0384656 0.116048 
0.0375425 0.116803 
0.0366045 0.117541 
0.0356521 0.118259 
0.0346855 0.118958 
0.0337053 0.119638 
0.0327117 0.120299 
0.0317052 0.120939 
0.0306861 0.121559 
0.029655 0.122159 
0.0286121 0.122739 
0.0275578 0.123297 
0.0264927 0.123834 
0.0254171 0.12435 
0.0243315 0.124845 
0.0232363 0.125318 
0.0221318 0.125769 
0.0210187 0.126198 
0.0198972 0.126605 
0.0187678 0.126989 
0.017631 0.127351 
0.0164873 0.12769 
0.015337 0.128007 
0.0141807 0.1283 
0.0130187 0.128571 
0.0118516 0.128818 
0.0106799 0.129042 
0.00950388 0.129243 
0.00832413 0.12942 
0.00714109 0.129574 
0.00595523 0.129704 
0.00476701 0.12981 
0.00357691 0.129893 
0.00238539 0.129953 
0.00119293 0.129988 
0.0590186 0.0706458 
0.0579151 0.0589282 
0.0578102 0.082275 
0.00104152 0.0729994 
0.00103974 0.0645996 
0.0546362 0.0923499 
0.0549847 0.0487856 
0.00103941 0.0814004 
0.00103929 0.0562001 
0.0497078 0.101455 
0.050428 0.0392273 
0.0010247 0.0898172 
0.00105775 0.0478721 
0.0448837 0.0317137 
0.0440209 0.10918 
0.00103599 0.0970233 
0.0383618 0.0251951 
0.03736 0.115538 
0.00107535 0.0407018 
0.0315409 0.0201476 
0.0307961 0.120353 
0.00104474 0.104267 
0.0010738 0.0334893 
0.0254441 0.0168531 
0.0245107 0.123674 
0.00104228 0.110241 
0.00107045 0.0274428 
0.0188811 0.0140427 
0.0180665 0.126231 
0.0587621 0.0647282 
0.0587855 0.0764097 
0.0010392 0.1162 
0.00103919 0.0226003 
0.0133859 0.0124946 
0.0123964 0.127635 
0.0526456 0.0964842 
0.0560876 0.0879004 
0.0569319 0.054147 
0.0531325 0.044498 
0.0477204 0.0354956 
0.0471562 0.105498 
0.0416952 0.0284007 
0.040821 0.112491 
0.00103924 0.121 
0.00868569 0.011684 
0.001045 0.0190923 
0.00107781 0.0371024 
0.00108637 0.0443418 
0.00103569 0.100646 
0.00103403 0.0862 
0.00103939 0.0934002 
0.00103923 0.0514 
0.00104379 0.0777993 
0.00103922 0.0598001 
0.00104017 0.0681993 
0.00765803 0.128544 
0.0354925 0.0228491 
0.0345768 0.117795 
0.0286318 0.0184543 
0.0277251 0.122089 
0.021113 0.12498 
0.0224168 0.0153511 
0.00114659 0.015547 
0.00103917 0.124601 
0.00522639 0.0112194 
0.00415007 0.128833 
0.00103727 0.118629 
0.00103743 0.113821 
0.00105458 0.0298228 
0.00103909 0.0250001 
0.00103853 0.107822 
0.00103917 0.0538 
0.00103917 0.0838 
0.00103926 0.0621999 
0.00104249 0.0753992 
0.00104054 0.0705995 
0.0589241 0.0670851 
0.0584657 0.0623832 
0.0588612 0.0742026 
0.0582362 0.0787402 
0.0568523 0.0856381 
0.0555469 0.0899619 
0.0561736 0.0522375 
0.0575198 0.0566858 
0.0516462 0.0985893 
0.0520253 0.0425379 
0.0463649 0.0335336 
0.0536739 0.0944619 
0.0540256 0.0465161 
0.0433184 0.0299968 
0.0398947 0.0265846 
0.0484493 0.103607 
0.0489748 0.0373346 
0.039134 0.114105 
0.0425189 0.110877 
0.0455409 0.107272 
0.0335504 0.0214126 
0.0326054 0.11913 
0.0155623 0.126958 
0.0167458 0.013415 
0.0111236 0.0120887 
0.00991809 0.128124 
0.00103923 0.013 
0.00102921 0.126983 
0.00296756 0.0110227 
0.00188376 0.128885 
0.00132769 0.0113401 
0.00103715 0.125797 
0.00207701 0.1252 
0.00207801 0.124002 
0.00311582 0.124601 
0.00311635 0.123404 
0.00415372 0.124002 
0.00415416 0.122805 
0.00519103 0.123404 
0.0051916 0.122208 
0.00622818 0.122806 
0.00623364 0.121618 
0.00726582 0.12221 
0.00727434 0.121023 
0.00830332 0.121613 
0.00830695 0.120417 
0.00933912 0.121015 
0.00934465 0.119826 
0.0103757 0.120418 
0.0103843 0.11923 
0.0114126 0.119821 
0.0114165 0.118625 
0.0124481 0.119223 
0.012449 0.118026 
0.0114127 0.117427 
0.0124524 0.11683 
0.013485 0.117429 
0.0134861 0.116233 
0.0124501 0.115634 
0.01349 0.115037 
0.0145219 0.115636 
0.0145213 0.114439 
0.0134877 0.11384 
0.0145276 0.113243 
0.0155592 0.113816 
0.0155579 0.112637 
0.0145257 0.112047 
0.0155655 0.111448 
0.0166018 0.11203 
0.0166005 0.110849 
0.0155638 0.110253 
0.0166046 0.109655 
0.0176341 0.110255 
0.0176351 0.109059 
0.0166055 0.108474 
0.0176436 0.107872 
0.0186797 0.108455 
0.0186771 0.107266 
0.0176455 0.10669 
0.0186826 0.106073 
0.0197145 0.106669 
0.0197161 0.105473 
0.0186843 0.104873 
0.0197176 0.104276 
0.018682 0.103676 
0.0197186 0.103079 
0.020754 0.103679 
0.0207555 0.102482 
0.01972 0.101882 
0.0207572 0.101285 
0.0197217 0.100685 
0.020759 0.100089 
0.0217945 0.100688 
0.0217962 0.0994918 
0.0207607 0.0988919 
0.021798 0.0982951 
0.0207625 0.0976951 
0.0217999 0.0970984 
0.0228353 0.0976983 
0.0228372 0.0965016 
0.0218017 0.0959016 
0.0228391 0.0953049 
0.0218036 0.0947049 
0.022841 0.0941082 
0.0238764 0.0947082 
0.0238784 0.0935114 
0.022843 0.0929114 
0.0238804 0.0923146 
0.0228449 0.0917147 
0.0238823 0.091118 
0.0228468 0.090518 
0.0238843 0.0899213 
0.0249197 0.0905213 
0.0249216 0.0893247 
0.0238862 0.0887246 
0.0249236 0.088128 
0.0238883 0.0875279 
0.0249257 0.0869312 
0.0238903 0.0863311 
0.0249277 0.0857344 
0.0238923 0.0851343 
0.0249297 0.0845377 
0.0259651 0.0851378 
0.0259672 0.083941 
0.0249318 0.083341 
0.0259693 0.0827443 
0.0249339 0.0821443 
0.0259714 0.0815476 
0.0249361 0.0809475 
0.0259734 0.0803509 
0.0249382 0.0797508 
0.0259755 0.0791542 
0.0249403 0.0785541 
0.0259776 0.0779575 
0.0249424 0.0773573 
0.0259796 0.0767607 
0.0249443 0.0761605 
0.0259817 0.0755639 
0.0249463 0.0749637 
0.0259838 0.0743672 
0.0270191 0.0749673 
0.0270212 0.0737707 
0.0259859 0.0731705 
0.0270233 0.072574 
0.025988 0.0719738 
0.0270254 0.0713773 
0.0259912 0.0707772 
0.0270277 0.0701807 
0.0259936 0.0695805 
0.0270299 0.068984 
0.0259957 0.0683839 
0.0270321 0.0677874 
0.0259979 0.0671872 
0.0270342 0.0665907 
0.0259999 0.0659906 
0.0270363 0.0653941 
0.0260021 0.0647939 
0.0270384 0.0641974 
0.0260041 0.0635973 
0.0270405 0.0630008 
0.0260062 0.0624007 
0.0270426 0.0618043 
0.0260083 0.0612041 
0.0270447 0.0606077 
0.0260098 0.0600075 
0.0270467 0.0594111 
0.0260123 0.058811 
0.0270489 0.0582145 
0.0260144 0.0576144 
0.0280649 0.0695842 
0.0270522 0.0570197 
0.0260167 0.0564182 
0.0270087 0.080951 
0.0280756 0.0636012 
0.0270537 0.0558229 
0.0260187 0.0552217 
0.0270564 0.0546288 
0.0260209 0.0540256 
0.0280886 0.0576218 
0.0270568 0.0534279 
0.0260227 0.0528285 
0.0270585 0.0522307 
0.0260247 0.0516319 
0.0270614 0.0510355 
0.0260265 0.0504357 
0.0280964 0.0516358 
0.0270635 0.0498394 
0.0260286 0.0492394 
0.0270656 0.0486431 
0.0260307 0.0480431 
0.0270677 0.0474468 
0.0260328 0.0468469 
0.0249916 0.0498357 
0.0249788 0.0582132 
0.0249646 0.066591 
0.0270698 0.0462506 
0.026035 0.0456506 
0.0239031 0.0791497 
0.027072 0.0450545 
0.0260373 0.0444547 
0.0281067 0.0456543 
0.0250002 0.0450508 
0.0250025 0.0438547 
0.0239653 0.0444508 
0.0239675 0.0432546 
0.0250049 0.0426587 
0.0239697 0.0420584 
0.0229326 0.0426546 
0.0229349 0.0414583 
0.0280564 0.0743708 
0.0228547 0.085731 
0.0259569 0.0899247 
0.0239719 0.0408622 
0.0229372 0.0402621 
0.0218977 0.0420544 
0.0239746 0.0396661 
0.0229396 0.0390661 
0.0239769 0.0384701 
0.0229419 0.0378701 
0.0239786 0.0372741 
0.022944 0.0366743 
0.0219073 0.0372702 
0.0219096 0.0360743 
0.0208728 0.0366703 
0.0208751 0.0354743 
0.0198383 0.0360701 
0.0198405 0.0348741 
0.0188035 0.0354703 
0.0188058 0.0342739 
0.0208769 0.0342761 
0.0250137 0.0378739 
0.0250142 0.0366772 
0.0260496 0.0372777 
0.0177688 0.0348699 
0.017771 0.0336738 
0.0260507 0.0360813 
0.0270861 0.0366825 
0.0167337 0.03427 
0.016736 0.0330737 
0.0167313 0.0354658 
0.0270873 0.0354854 
0.0281225 0.0360868 
0.0156962 0.0348662 
0.0156937 0.0360626 
0.0281235 0.0348898 
0.0291582 0.0354905 
0.0146584 0.0354626 
0.0146562 0.0366597 
0.0291594 0.0342937 
0.030194 0.0348929 
0.0281254 0.0336911 
0.0136206 0.0360591 
0.0136183 0.0372564 
0.030192 0.0360896 
0.0312269 0.0354903 
0.0312256 0.0366886 
0.0322604 0.0360911 
0.0322593 0.037288 
0.0332949 0.0366925 
0.0332931 0.0378876 
0.0343287 0.0372922 
0.0343267 0.038487 
0.0353624 0.0378916 
0.0353603 0.0390862 
0.0363959 0.0384908 
0.0363938 0.0396853 
0.0177733 0.0324775 
0.0167384 0.0318773 
0.0177756 0.0312812 
0.0167409 0.030681 
0.017778 0.0300849 
0.0167433 0.0294848 
0.0177803 0.0288888 
0.0167458 0.0282888 
0.0157088 0.0288847 
0.0157112 0.0276886 
0.0146742 0.0282846 
0.0146766 0.0270884 
0.0177825 0.0276929 
0.0136395 0.0276844 
0.013642 0.0264882 
0.018817 0.0282929 
0.0188193 0.0270973 
0.0198535 0.0276971 
0.0270024 0.0845412 
0.0218094 0.0911146 
0.0249546 0.0713764 
0.0249868 0.0534266 
0.0249732 0.0618035 
0.0239087 0.0755603 
0.0301933 0.0336925 
0.0126047 0.0270842 
0.0126072 0.0258879 
0.0136443 0.0252919 
0.0126098 0.0246917 
0.0374293 0.0390899 
0.0374272 0.0402844 
0.0125826 0.0366558 
0.0125803 0.0378532 
0.0136468 0.0240959 
0.0126124 0.0234956 
0.0198556 0.0265015 
0.0208898 0.0271014 
0.0332956 0.0354948 
0.0384627 0.0396891 
0.0384605 0.0408836 
0.0374257 0.0414789 
0.0384585 0.0420781 
0.0374237 0.0426735 
0.0384565 0.0432727 
0.0374209 0.0438681 
0.0384543 0.0444673 
0.0394898 0.0438718 
0.0394877 0.0450664 
0.0384521 0.0456619 
0.0394877 0.0462666 
0.0384504 0.0468575 
0.0394885 0.0474652 
0.0384488 0.048053 
0.039485 0.0486551 
0.0384466 0.0492471 
0.0394802 0.0498461 
0.0405227 0.0492616 
0.040517 0.0504492 
0.0394783 0.0510409 
0.0405119 0.05164 
0.0394757 0.052235 
0.0405093 0.0528339 
0.0394765 0.0534296 
0.0405077 0.0540287 
0.039475 0.0546244 
0.0405059 0.0552235 
0.0394701 0.0558192 
0.0405034 0.0564184 
0.0415391 0.0558227 
0.041537 0.0570175 
0.0405013 0.0576132 
0.041535 0.0582123 
0.0405023 0.058808 
0.0415336 0.0594072 
0.040501 0.0600029 
0.0415318 0.0606021 
0.0404992 0.0611978 
0.0415299 0.061797 
0.0404973 0.0623927 
0.041528 0.0629919 
0.0404922 0.0635876 
0.0415255 0.0641868 
0.0404896 0.0647826 
0.0415234 0.0653817 
0.0404875 0.0659775 
0.0415214 0.0665767 
0.0425572 0.0659809 
0.0425552 0.0671757 
0.0415195 0.0677715 
0.0425533 0.0683706 
0.0415176 0.0689664 
0.0425514 0.0695654 
0.0415191 0.0701613 
0.04255 0.0707603 
0.0415179 0.0713561 
0.0425483 0.0719551 
0.0415161 0.072551 
0.0425465 0.07315 
0.041512 0.0737459 
0.0425442 0.0743448 
0.0415119 0.0749407 
0.0425425 0.0755397 
0.0415104 0.0761356 
0.0425407 0.0767345 
0.0415063 0.0773305 
0.0425381 0.0779295 
0.0415062 0.0785253 
0.0425367 0.0791242 
0.0415048 0.0797201 
0.0425349 0.0803189 
0.041503 0.0809149 
0.042533 0.0815137 
0.0415011 0.0821097 
0.0425311 0.0827085 
0.0414992 0.0833044 
0.0425293 0.0839034 
0.0414973 0.0844992 
0.0425649 0.0612012 
0.0435871 0.0689693 
0.0425274 0.0850982 
0.0414931 0.0856939 
0.0435795 0.0737489 
0.0425251 0.086293 
0.0414931 0.0868886 
0.0435719 0.0785281 
0.0425727 0.0564218 
0.0425235 0.0874875 
0.041488 0.0880833 
0.0404575 0.0874884 
0.040456 0.0886797 
0.0414862 0.0892781 
0.0404507 0.0898738 
0.0415517 0.0510502 
0.0414837 0.0904726 
0.0404482 0.0910684 
0.0404738 0.0791425 
0.0435646 0.0833059 
0.0394239 0.0892806 
0.0414817 0.0916672 
0.0404462 0.092263 
0.0404859 0.0719716 
0.0414797 0.0928618 
0.0404444 0.0934574 
0.0435584 0.0868919 
0.0405239 0.0456766 
0.0404662 0.0839227 
0.0394107 0.0928587 
0.0394089 0.0940531 
0.0383752 0.0934544 
0.0383734 0.094649 
0.0394074 0.0952474 
0.0383717 0.0958436 
0.0373379 0.0952449 
0.0373361 0.0964395 
0.0383703 0.0970381 
0.0373345 0.0976342 
0.0363007 0.0970354 
0.036299 0.0982301 
0.0373327 0.0988289 
0.0362973 0.0994248 
0.0352635 0.098826 
0.0352619 0.100021 
0.0404799 0.0755566 
0.0394693 0.0606148 
0.0362957 0.100619 
0.0352603 0.101215 
0.0342265 0.100617 
0.0342249 0.101811 
0.0394536 0.0653783 
0.0425151 0.0922661 
0.033191 0.101213 
0.0331895 0.102407 
0.0342234 0.103006 
0.033188 0.103602 
0.0425132 0.0934606 
0.0384414 0.0552238 
0.0321541 0.103003 
0.032156 0.104198 
0.0331871 0.104797 
0.0321518 0.105393 
0.0136162 0.0384539 
0.0125792 0.0390506 
0.0136142 0.0396513 
0.0125765 0.0402482 
0.013612 0.0408489 
0.0125749 0.0414458 
0.0136099 0.0420466 
0.012573 0.0426435 
0.0136078 0.0432443 
0.01257 0.0438413 
0.0136055 0.0444421 
0.0125685 0.0450392 
0.0136035 0.04564 
0.0125665 0.0462371 
0.0136014 0.0468379 
0.0125634 0.047435 
0.013599 0.0480359 
0.012562 0.048633 
0.0135969 0.0492338 
0.0125601 0.049831 
0.0135949 0.0504319 
0.0125568 0.0510291 
0.0135925 0.0516301 
0.0125556 0.0522272 
0.0135904 0.0528282 
0.0125536 0.0534254 
0.0135883 0.0540264 
0.0125514 0.0546235 
0.0135862 0.0552245 
0.0125494 0.0558217 
0.013584 0.0564227 
0.0125472 0.0570199 
0.0135818 0.0576208 
0.0125451 0.0582181 
0.0135796 0.0588191 
0.0125416 0.0594164 
0.0135772 0.0600174 
0.0125404 0.0606147 
0.0135752 0.0612157 
0.0125385 0.0618129 
0.0135731 0.062414 
0.0125364 0.0630112 
0.0135709 0.0636123 
0.0125343 0.0642095 
0.0135687 0.0648106 
0.0125321 0.0654078 
0.0135665 0.0660089 
0.01253 0.0666061 
0.0135644 0.0672072 
0.0125263 0.0678045 
0.0135619 0.0684055 
0.0125254 0.0690028 
0.0135578 0.0696038 
0.0125231 0.0702011 
0.0135552 0.0708022 
0.0125208 0.0713994 
0.013555 0.0720005 
0.0125189 0.0725978 
0.0135533 0.0731989 
0.0125169 0.0737961 
0.0135512 0.0743972 
0.0125148 0.0749945 
0.0135454 0.0755955 
0.012512 0.0761928 
0.0135425 0.0767938 
0.0125096 0.0773911 
0.0135438 0.0779922 
0.012508 0.0785894 
0.0135422 0.0791905 
0.0125061 0.0797878 
0.0135402 0.0803889 
0.0125023 0.0809861 
0.0135378 0.0815871 
0.0125015 0.0821844 
0.0135357 0.0827854 
0.0124996 0.0833827 
0.0135336 0.0839837 
0.0124975 0.084581 
0.0135276 0.085182 
0.0124947 0.0857792 
0.0146223 0.0558255 
0.0146072 0.0642135 
0.0145939 0.0690041 
0.0135246 0.0863802 
0.0124923 0.0869775 
0.0135228 0.0875726 
0.0124874 0.0881747 
0.0135227 0.088758 
0.0124852 0.0893706 
0.0135242 0.0899595 
0.0124835 0.090569 
0.0115457 0.0384521 
0.0115401 0.0420467 
0.0115338 0.0456409 
0.0115266 0.0492374 
0.0115116 0.0576264 
0.0115754 0.0240914 
0.011578 0.0228954 
0.0114965 0.0660163 
0.0114725 0.0792005 
0.0114563 0.0875782 
0.0115201 0.0528323 
0.011505 0.0612218 
0.0114897 0.0696121 
0.011481 0.0744063 
0.0114658 0.0827967 
0.0311172 0.104794 
0.0311192 0.105989 
0.0146158 0.0594201 
0.014631 0.0510328 
0.0321504 0.106588 
0.0311151 0.107184 
0.039496 0.0402882 
0.0435485 0.0928651 
0.0363962 0.0372934 
0.0208919 0.0259059 
0.0219259 0.0265058 
0.0146374 0.0474388 
0.0374124 0.0486473 
0.0300887 0.106593 
0.0300807 0.107781 
0.0145925 0.0725964 
0.0135198 0.0911731 
0.0124811 0.0917699 
0.0114444 0.0911687 
0.0114422 0.0923674 
0.0124789 0.0929686 
0.0114401 0.0935659 
0.0124767 0.094167 
0.0114379 0.0947642 
0.0136493 0.0229001 
0.0435467 0.0940593 
0.0311134 0.108379 
0.0300782 0.108975 
0.0145763 0.0809899 
0.0124746 0.0953651 
0.0114358 0.0959625 
0.0290442 0.108376 
0.0290428 0.109571 
0.0104054 0.0917665 
0.0145768 0.077385 
0.0103991 0.0953615 
0.010397 0.0965598 
0.0114337 0.0971607 
0.0103949 0.0977582 
0.0114317 0.098359 
0.0103929 0.0989565 
0.0105408 0.0234911 
0.0105434 0.022295 
0.0082971 0.119245 
0.0249137 0.0941114 
0.0125849 0.0354584 
0.0114297 0.0995574 
0.0103909 0.100155 
0.021928 0.0253103 
0.0229616 0.0259098 
0.0208935 0.0247094 
0.039498 0.0390937 
0.0405313 0.039693 
0.0445818 0.0934638 
0.0311118 0.109573 
0.0343249 0.0396823 
0.0280087 0.108972 
0.0280074 0.110167 
0.0114275 0.100756 
0.0103888 0.101353 
0.04458 0.0946579 
0.00935627 0.0983555 
0.00950605 0.0228908 
0.00950876 0.0216945 
0.00950342 0.0240873 
0.0105459 0.0210988 
0.00951195 0.0204985 
0.0229595 0.0271051 
0.0239947 0.0265084 
0.0145577 0.0869513 
0.0229637 0.0247136 
0.0312239 0.0378846 
0.0114254 0.101954 
0.0103867 0.102551 
0.00935003 0.10195 
0.00934802 0.103149 
0.0103848 0.103749 
0.00934607 0.104347 
0.0269733 0.109569 
0.0269721 0.110763 
0.0280065 0.111361 
0.0269712 0.111958 
0.0269746 0.108374 
0.0259368 0.11136 
0.0259357 0.112554 
0.0135133 0.0947679 
0.0269704 0.113152 
0.0259346 0.113749 
0.0249006 0.113151 
0.0248995 0.114345 
0.0405335 0.0384987 
0.0126022 0.0282806 
0.0105486 0.0199028 
0.00951491 0.0193026 
0.0415665 0.0390978 
0.045615 0.0940625 
0.0456168 0.0928685 
0.00847529 0.0210942 
0.0146436 0.0438422 
0.01465 0.0402521 
0.0456131 0.0952565 
0.0445782 0.0958519 
0.0238654 0.113747 
0.0238642 0.114942 
0.0124686 0.0989596 
0.0103827 0.104948 
0.0093441 0.105545 
0.00831115 0.102548 
0.0259341 0.114943 
0.0239931 0.0277043 
0.0250284 0.027108 
0.0281088 0.0444583 
0.0291434 0.0450581 
0.0145602 0.0905504 
0.0124467 0.120418 
0.0466499 0.0934671 
0.0466518 0.0922732 
0.0103807 0.106146 
0.00934214 0.106743 
0.0083054 0.106143 
0.00830348 0.107341 
0.00934021 0.107942 
0.00830163 0.108539 
0.0228302 0.114344 
0.0228289 0.115538 
0.0105512 0.0187071 
0.00951761 0.0181071 
0.0456113 0.0964505 
0.0445764 0.0970459 
0.0415687 0.0379037 
0.0426016 0.0385026 
0.0425996 0.0396966 
0.0198358 0.0372654 
0.0291456 0.0438623 
0.03018 0.044462 
0.0301779 0.0456577 
0.0146835 0.0235001 
0.0146861 0.0223047 
0.0312144 0.0450617 
0.0312124 0.0462572 
0.0217949 0.11494 
0.0217937 0.116135 
0.0228277 0.116733 
0.0217926 0.11733 
0.0207585 0.116731 
0.0207575 0.117926 
0.0114192 0.105549 
0.00726657 0.10674 
0.0228307 0.113149 
0.00933825 0.10914 
0.00829978 0.109737 
0.0476849 0.0928717 
0.0476868 0.0916779 
0.0250267 0.0283037 
0.0260625 0.0277082 
0.0260642 0.0265128 
0.027098 0.0271128 
0.0271003 0.0259184 
0.0281336 0.0265177 
0.0281316 0.0277122 
0.0291669 0.0271168 
0.029169 0.0259226 
0.0302021 0.0265216 
0.0302 0.0277157 
0.0312351 0.0271205 
0.031233 0.0283146 
0.0322681 0.0277195 
0.032266 0.0289135 
0.0333011 0.0283184 
0.033299 0.0295123 
0.0343341 0.0289172 
0.034332 0.0301111 
0.023991 0.0288993 
0.00933729 0.12221 
0.0405357 0.0373046 
0.027084 0.0378779 
0.0115671 0.0276803 
0.0115646 0.028877 
0.0105293 0.0282765 
0.0105271 0.029473 
0.00949124 0.0288728 
0.00948868 0.030069 
0.00845284 0.0294692 
0.00844998 0.0306662 
0.00741414 0.0300658 
0.00741165 0.0312638 
0.0074167 0.028868 
0.0228267 0.117928 
0.035367 0.0295161 
0.0353649 0.03071 
0.0415709 0.0367097 
0.0405381 0.0361108 
0.0436345 0.0391014 
0.0436324 0.0402953 
0.0456094 0.0976444 
0.0445746 0.0982397 
0.0363999 0.0301149 
0.0363977 0.0313088 
0.0487197 0.0922765 
0.0487216 0.0910827 
0.0157203 0.0229046 
0.0157221 0.0217084 
0.0476889 0.0904836 
0.0487236 0.0898889 
0.0363892 0.0432695 
0.0105539 0.0175121 
0.0115875 0.0181117 
0.0301821 0.0432663 
0.0115621 0.030073 
0.00844754 0.031863 
0.00740926 0.0324617 
0.00637287 0.0318609 
0.00637043 0.0330591 
0.00740707 0.0336603 
0.00636809 0.0342575 
0.00740482 0.0348587 
0.0063659 0.035456 
0.0197234 0.117328 
0.0197224 0.118523 
0.00933617 0.110338 
0.00829789 0.110936 
0.00726128 0.110335 
0.00725943 0.111533 
0.00829605 0.112134 
0.00725768 0.112731 
0.00622091 0.11213 
0.00621919 0.113328 
0.0072559 0.113929 
0.00621755 0.114527 
0.00952028 0.0169121 
0.00848406 0.0175076 
0.0446672 0.0397002 
0.0446651 0.0408939 
0.0497565 0.0904872 
0.0497584 0.0892936 
0.0487257 0.0886951 
0.0497604 0.0880999 
0.0487277 0.0875013 
0.0497624 0.0869061 
0.0487295 0.0863075 
0.0497644 0.0857123 
0.0487317 0.0851136 
0.0497664 0.0845184 
0.0487342 0.0839197 
0.0497685 0.0833245 
0.0487373 0.0827235 
0.049771 0.0821304 
0.0508034 0.0827292 
0.0508054 0.0815353 
0.0497724 0.0809367 
0.0508074 0.0803415 
0.0497752 0.0797428 
0.0508117 0.0791388 
0.0497778 0.0785474 
0.0508116 0.0779498 
0.0497795 0.0773545 
0.0508112 0.0767547 
0.0497807 0.0761608 
0.0508152 0.0755649 
0.0497834 0.0749669 
0.0508178 0.0743716 
0.0497857 0.073773 
0.0508199 0.0731778 
0.0497878 0.0725791 
0.050822 0.0719839 
0.0497898 0.0713851 
0.050824 0.0707898 
0.0497919 0.0701912 
0.0508261 0.0695959 
0.0497934 0.0689972 
0.050828 0.0684019 
0.0497959 0.0678032 
0.0508301 0.0672079 
0.049798 0.0666092 
0.0508322 0.066014 
0.0497995 0.0654153 
0.0508341 0.0648201 
0.049802 0.0642213 
0.0508362 0.0636261 
0.0498042 0.0630274 
0.0508383 0.0624322 
0.0498063 0.0618335 
0.0508418 0.0612308 
0.0498082 0.0606386 
0.050842 0.0600318 
0.0498098 0.0594445 
0.0508431 0.0588474 
0.0498113 0.0582518 
0.0508434 0.0576561 
0.049814 0.0570578 
0.0518609 0.0690006 
0.0518548 0.0725825 
0.0508452 0.0564627 
0.049815 0.0558641 
0.0487692 0.0636158 
0.0487768 0.0588381 
0.051867 0.0654187 
0.0508497 0.0552689 
0.0498173 0.0546703 
0.0508483 0.0540681 
0.0498187 0.0534762 
0.0487845 0.0540716 
0.0487877 0.0528777 
0.0518475 0.0761547 
0.049819 0.0522826 
0.0487893 0.051684 
0.0518737 0.0618208 
0.0518444 0.0797272 
0.0477526 0.0534681 
0.0498233 0.0510889 
0.0487921 0.0504902 
0.0518738 0.0582362 
0.0507972 0.086311 
0.0498271 0.0498883 
0.0487934 0.0492953 
0.0477609 0.0498889 
0.0477608 0.0486971 
0.0487965 0.0480957 
0.0477627 0.0475027 
0.0467276 0.0480986 
0.0467297 0.0469048 
0.0477646 0.0463101 
0.0487576 0.0707813 
0.0487493 0.0755577 
0.0487631 0.0671981 
0.0456947 0.0475002 
0.0456968 0.0463063 
0.0456075 0.0988382 
0.0445728 0.0994336 
0.0435399 0.0988351 
0.0435381 0.100029 
0.0374327 0.0307138 
0.0466442 0.097049 
0.0374285 0.0319075 
0.0487178 0.0934702 
0.0250246 0.0294987 
0.00519127 0.121038 
0.0167565 0.0223089 
0.0167583 0.0211129 
0.0177923 0.0217132 
0.0177947 0.0205184 
0.01676 0.0199173 
0.0188282 0.0211179 
0.0188307 0.0199234 
0.0198638 0.0205228 
0.0291478 0.0426666 
0.0239887 0.0300942 
0.0322488 0.0456612 
0.0322467 0.0468569 
0.00726702 0.123404 
0.0487435 0.0791397 
0.0124642 0.101357 
0.0270004 0.0857378 
0.0280376 0.0851413 
0.0280356 0.0863377 
0.0290726 0.0857413 
0.0290706 0.0869375 
0.0301076 0.0863411 
0.0301056 0.0875373 
0.0301096 0.085145 
0.0311444 0.0857448 
0.0311465 0.0845488 
0.0321812 0.0851486 
0.0321832 0.0839527 
0.0332178 0.0845524 
0.0332199 0.0833566 
0.0332158 0.0857482 
0.0321853 0.0827568 
0.033222 0.0821607 
0.0321876 0.0815609 
0.0332241 0.0809648 
0.0321897 0.0803651 
0.0332262 0.0797689 
0.0342587 0.0815646 
0.0342524 0.085152 
0.0342504 0.0863477 
0.0321919 0.0791692 
0.0332284 0.078573 
0.0321945 0.0779722 
0.0332308 0.0773771 
0.034265 0.0779769 
0.0342671 0.0767811 
0.033233 0.0761814 
0.0342692 0.0755854 
0.0332351 0.0749856 
0.0342714 0.0743896 
0.0332373 0.0737898 
0.0342735 0.0731937 
0.0332395 0.072594 
0.0342757 0.071998 
0.0332416 0.0713982 
0.0342778 0.0708023 
0.0332439 0.0702024 
0.03428 0.0696065 
0.0332461 0.0690066 
0.0342822 0.0684105 
0.0332483 0.0678108 
0.0342844 0.0672147 
0.0332505 0.066615 
0.0342822 0.0660189 
0.0332519 0.0654192 
0.0342835 0.0648231 
0.0332541 0.0642234 
0.0342899 0.0636274 
0.0332567 0.0630276 
0.0342928 0.0624316 
0.0332592 0.0618319 
0.0342951 0.0612359 
0.0332614 0.0606362 
0.0342973 0.0600402 
0.0332629 0.0594405 
0.0353166 0.0690103 
0.0342993 0.0588444 
0.0332649 0.0582448 
0.035308 0.0737941 
0.0353015 0.0773809 
0.0352868 0.0857517 
0.0425747 0.0552271 
0.0280916 0.0540316 
0.0260517 0.0348832 
0.0103768 0.108542 
0.0281006 0.0492431 
0.0145696 0.0845848 
0.043568 0.0809176 
0.0145822 0.0749836 
0.0249117 0.095308 
0.0259488 0.0947114 
0.025947 0.0959077 
0.0269838 0.0953113 
0.026982 0.0965074 
0.0280188 0.095911 
0.0280207 0.094715 
0.0290555 0.0953146 
0.0290574 0.0941187 
0.0280169 0.097107 
0.0300921 0.0947184 
0.030094 0.0935226 
0.0311286 0.0941221 
0.0311305 0.0929264 
0.0269802 0.0977034 
0.028015 0.0983029 
0.0269784 0.0988993 
0.0280097 0.0994988 
0.0269761 0.100095 
0.0311355 0.0953038 
0.032165 0.0935259 
0.032167 0.0923303 
0.0146027 0.06661 
0.0146114 0.0618168 
0.0146266 0.0534292 
0.0207565 0.119121 
0.0197214 0.119717 
0.0186874 0.119119 
0.0186864 0.120314 
0.0518825 0.0558532 
0.0425611 0.0635911 
0.030096 0.0923268 
0.0321469 0.108977 
0.0321455 0.110171 
0.0331804 0.109575 
0.0331791 0.110769 
0.0342139 0.110173 
0.0321442 0.111365 
0.0331777 0.111963 
0.0321431 0.112559 
0.0280543 0.0755673 
0.0508559 0.0516737 
0.0425688 0.0588115 
0.0134823 0.119821 
0.0134813 0.121016 
0.0342153 0.108979 
0.0352486 0.109578 
0.0352501 0.108384 
0.0362833 0.108982 
0.0362848 0.107788 
0.037318 0.108386 
0.0373195 0.107192 
0.0383526 0.10779 
0.0383541 0.106596 
0.0393873 0.107194 
0.0393887 0.106001 
0.035247 0.110772 
0.0362941 0.101814 
0.0373293 0.101218 
0.0435909 0.06658 
0.0436303 0.0414892 
0.0518382 0.082134 
0.00936013 0.0959588 
0.0456188 0.0916745 
0.0394516 0.0665734 
0.0217908 0.103082 
0.0217892 0.104278 
0.022826 0.103682 
0.0228243 0.104878 
0.0238611 0.104281 
0.025939 0.10897 
0.0228568 0.0845341 
0.0218191 0.0851308 
0.0218211 0.0839337 
0.0207834 0.0845305 
0.0207854 0.0833333 
0.0207815 0.0857275 
0.0197475 0.0839302 
0.0197495 0.0827328 
0.0374102 0.049842 
0.030198 0.0289101 
0.0425051 0.0994305 
0.0425033 0.100624 
0.0435363 0.101223 
0.0425016 0.101818 
0.0207662 0.0953016 
0.0197291 0.0982919 
0.0186883 0.101282 
0.0456925 0.0486941 
0.0176486 0.104287 
0.0249961 0.0474431 
0.0487733 0.0612274 
0.0404701 0.0815327 
0.00846833 0.0234868 
0.048784 0.056457 
0.0249827 0.0558198 
0.024969 0.0641972 
0.0249602 0.0689848 
0.0114764 0.0768034 
0.0114853 0.072009 
0.0394738 0.0582167 
0.0114613 0.0851934 
0.0115006 0.063619 
0.0115158 0.0552293 
0.0218955 0.0432509 
0.0208603 0.0426507 
0.0208582 0.0438474 
0.0384438 0.05284 
0.0198512 0.0288925 
0.00637795 0.0294648 
0.00638045 0.0282666 
0.0270129 0.0785577 
0.0322162 0.0660115 
0.0322269 0.0600322 
0.0280606 0.0719775 
0.0343014 0.0576488 
0.033267 0.0570491 
0.0487535 0.0731695 
0.0198229 0.0432471 
0.0198207 0.0444439 
0.0198251 0.0420504 
0.0208561 0.0450442 
0.0198185 0.0456408 
0.0208542 0.0462411 
0.0198164 0.0468377 
0.0208521 0.047438 
0.0198154 0.0480347 
0.02085 0.048635 
0.0198134 0.0492317 
0.0208482 0.0498322 
0.0198115 0.0504288 
0.0435757 0.0761385 
0.015701 0.0324729 
0.0435833 0.0713595 
0.020846 0.0510292 
0.0198093 0.0516259 
0.0208438 0.0522264 
0.0198073 0.0528231 
0.0208417 0.0534235 
0.0198052 0.0540203 
0.0208395 0.0546207 
0.0198032 0.0552175 
0.0208374 0.055818 
0.0198 0.0564147 
0.0208352 0.0570152 
0.0197987 0.057612 
0.0208332 0.0582125 
0.0197969 0.0588093 
0.0208311 0.0594099 
0.0197948 0.0600067 
0.0208292 0.0606072 
0.0197928 0.061204 
0.0208271 0.0618045 
0.0197907 0.0624014 
0.020825 0.0630019 
0.0197886 0.0635987 
0.0208229 0.0641993 
0.0197865 0.0647961 
0.0208207 0.0653967 
0.0197845 0.0659935 
0.0374164 0.0462574 
0.0208185 0.0665941 
0.0197824 0.0671909 
0.0208163 0.0677915 
0.0197782 0.0683883 
0.0208139 0.0689889 
0.0197757 0.0695857 
0.0208115 0.0701863 
0.0197735 0.0707831 
0.00740259 0.0360572 
0.00636362 0.0366545 
0.00740034 0.0372558 
0.00636137 0.0378531 
0.0073981 0.0384544 
0.00635918 0.0390517 
0.0322507 0.0444656 
0.00739586 0.039653 
0.00635676 0.0402504 
0.00739361 0.0408516 
0.00635464 0.0414491 
0.00739134 0.0420504 
0.00635246 0.0426479 
0.00738917 0.0432491 
0.00634971 0.0438467 
0.00738683 0.044448 
0.00634786 0.0450455 
0.00738459 0.0456469 
0.00634573 0.0462444 
0.00738242 0.0468457 
0.00634316 0.0474433 
0.00738 0.0480447 
0.00634116 0.0486422 
0.00737781 0.0492437 
0.00633901 0.0498412 
0.00737558 0.0504427 
0.00633636 0.0510402 
0.00737327 0.0516417 
0.00633443 0.0522392 
0.0363762 0.0492425 
0.0363741 0.0504376 
0.00737105 0.0528407 
0.00633214 0.0534382 
0.00736886 0.0540396 
0.00632987 0.0546372 
0.0073666 0.0552387 
0.00632795 0.0558363 
0.00736435 0.0564378 
0.00632574 0.0570353 
0.00736209 0.0576369 
0.0063238 0.0582344 
0.00735986 0.0588359 
0.00632082 0.0594335 
0.00735749 0.060035 
0.00631937 0.0606326 
0.0208094 0.0713837 
0.0197725 0.0719785 
0.00735534 0.0612341 
0.00631764 0.0618317 
0.00735324 0.0624331 
0.00631549 0.0630307 
0.00735102 0.0636322 
0.00631367 0.0642299 
0.00734879 0.0648314 
0.00631147 0.065429 
0.00734654 0.0660306 
0.00630964 0.0666281 
0.00734433 0.0672296 
0.00630575 0.0678272 
0.00734184 0.0684288 
0.00630509 0.0690263 
0.0073398 0.0696279 
0.00630367 0.0702255 
0.00733768 0.070827 
0.00630156 0.0714246 
0.00733546 0.0720261 
0.00629988 0.0726237 
0.00733329 0.0732252 
0.00629773 0.0738229 
0.00733106 0.0744244 
0.00629604 0.075022 
0.00732889 0.0756235 
0.00629389 0.0762211 
0.00732665 0.0768226 
0.0062922 0.0774202 
0.00732457 0.0780217 
0.00629006 0.0786194 
0.0073225 0.0792208 
0.00628708 0.0798185 
0.00732006 0.0804199 
0.00628176 0.0810176 
0.0073171 0.0816191 
0.00628195 0.0822167 
0.00731512 0.0828182 
0.00628049 0.0834158 
0.00731303 0.0840173 
0.00627838 0.0846149 
0.0394639 0.0629925 
0.00731081 0.0852164 
0.00627125 0.085814 
0.00730782 0.0864155 
0.00626805 0.0870131 
0.0404909 0.0695719 
0.0353123 0.0714029 
0.0353402 0.0498382 
0.0353381 0.0510334 
0.034304 0.0504339 
0.0343019 0.0516293 
0.0332677 0.0510297 
0.0332684 0.0522301 
0.0343065 0.0528444 
0.0352847 0.0869472 
0.0342484 0.0875432 
0.0352827 0.0881427 
0.0436082 0.0558261 
0.0436102 0.0546316 
0.00730473 0.0876135 
0.00626266 0.088212 
0.00848602 0.0163104 
0.0074499 0.0169074 
0.0197243 0.116133 
0.0280071 0.100695 
0.0302043 0.0253275 
0.0291713 0.0247285 
0.0332013 0.0929298 
0.0290504 0.0988953 
0.0331926 0.100018 
0.0384643 0.0313134 
0.0436366 0.0379076 
0.041573 0.0355158 
0.0343363 0.0277233 
0.0404218 0.106599 
0.0207551 0.120315 
0.0507934 0.088698 
0.00745163 0.0157083 
0.00641536 0.016306 
0.00641296 0.0175033 
0.0322703 0.0265254 
0.0331764 0.113157 
0.0321418 0.113753 
0.0435345 0.102417 
0.0456994 0.0402999 
0.0456978 0.0414928 
0.0373167 0.10958 
0.00537785 0.0169021 
0.00537527 0.0180992 
0.00538057 0.0157042 
0.0115903 0.016917 
0.0126236 0.0175164 
0.00532915 0.0348552 
0.00532256 0.0384515 
0.00531594 0.0420483 
0.00530929 0.0456453 
0.00530265 0.0492427 
0.0198662 0.0193284 
0.0208993 0.0199277 
0.0188333 0.0187292 
0.00528496 0.0576329 
0.0456058 0.100032 
0.005269 0.0660266 
0.00524401 0.079217 
0.00519444 0.124599 
0.00522769 0.0876107 
0.00522531 0.0888099 
0.00625988 0.0894114 
0.00522881 0.0900091 
0.00625847 0.0906106 
0.00522769 0.0912083 
0.00625657 0.0918098 
0.00522599 0.0924075 
0.00534145 0.0288635 
0.00534398 0.0276651 
0.00533372 0.0324579 
0.0446617 0.0469013 
0.0446634 0.0457035 
0.0187152 0.0833298 
0.0187178 0.0821324 
0.018714 0.0845266 
0.0197524 0.0815353 
0.0187177 0.0809349 
0.0197542 0.0803379 
0.0187218 0.0797374 
0.0197565 0.0791404 
0.0187205 0.0785398 
0.0197581 0.0779429 
0.0187219 0.0773423 
0.01976 0.0767454 
0.0187238 0.0761448 
0.0343302 0.031305 
0.0250224 0.0306936 
0.0187355 0.0713797 
0.0269741 0.101291 
0.0301842 0.0420707 
0.0187648 0.0582141 
0.0476998 0.0845123 
0.0239864 0.0312893 
0.031151 0.0821566 
0.0476932 0.0880955 
0.0363952 0.0325026 
0.037426 0.0331014 
0.0414702 0.100026 
0.0435434 0.0964474 
0.00529412 0.0528367 
0.0373215 0.105997 
0.018779 0.0498317 
0.0187819 0.0462374 
0.0187875 0.0426468 
0.0187898 0.0414499 
0.0311554 0.079764 
0.0218113 0.0899178 
0.0207737 0.0905145 
0.00528954 0.0552348 
0.0322031 0.0731877 
0.0322076 0.0707957 
0.0322121 0.0684036 
0.0280692 0.0671909 
0.0322224 0.0624225 
0.0280797 0.0612078 
0.0497525 0.092875 
0.00844355 0.0342586 
0.00527811 0.0612301 
0.0187752 0.0522266 
0.0208091 0.0725769 
0.018771 0.0546216 
0.00527356 0.0636283 
0.0187598 0.0606112 
0.0187557 0.0630063 
0.0187515 0.0654019 
0.0187456 0.0677899 
0.0186889 0.11673 
0.00526217 0.0696239 
0.00525763 0.0720222 
0.0353336 0.0594441 
0.0353294 0.0618356 
0.00525308 0.0744204 
0.0353189 0.0642143 
0.036321 0.0863512 
0.0363231 0.0851558 
0.00625486 0.0930046 
0.00522047 0.0936065 
0.00524854 0.0768187 
0.00523721 0.0828143 
0.0280086 0.10189 
0.033208 0.0941113 
0.00522605 0.0851834 
0.00518219 0.112728 
0.00518389 0.111529 
0.00725422 0.115127 
0.00621588 0.115725 
0.00829237 0.11453 
0.00518545 0.115124 
0.00517855 0.116323 
0.0466404 0.0994363 
0.0364021 0.0289212 
0.0457021 0.0391052 
0.0302064 0.0241335 
0.0291737 0.0235346 
0.0176524 0.119716 
0.0176537 0.12091 
0.0186858 0.121508 
0.0176533 0.122105 
0.0393856 0.108389 
0.046732 0.0408988 
0.0467304 0.0420915 
0.042499 0.103013 
0.0414647 0.102417 
0.0435326 0.10361 
0.0332033 0.091734 
0.0342372 0.0923136 
0.0322642 0.0301079 
0.0321692 0.0911339 
0.0126211 0.0187112 
0.0188214 0.0259013 
0.0291499 0.0414711 
0.0259402 0.100691 
0.0280227 0.093519 
0.0322304 0.0576451 
0.0322325 0.0564493 
0.0435564 0.0880864 
0.0321987 0.0755796 
0.00846576 0.0246836 
0.00743064 0.0240823 
0.033283 0.0462608 
0.0322317 0.0516265 
0.0353111 0.0666106 
0.0259433 0.107775 
0.0249127 0.108379 
0.00952326 0.0157153 
0.0445674 0.103015 
0.0497506 0.0940687 
0.0126263 0.0163218 
0.0136594 0.0169213 
0.0343035 0.0564532 
0.0322325 0.0528271 
0.0353378 0.0570528 
0.0405404 0.0349172 
0.0415753 0.0343221 
0.0426079 0.0349208 
0.0208974 0.0211223 
0.0219325 0.0205269 
0.0219346 0.0193327 
0.0229676 0.0199317 
0.0229654 0.0211258 
0.0240006 0.0205309 
0.0269728 0.102486 
0.0373278 0.102412 
0.0124456 0.121613 
0.0134804 0.122211 
0.0124451 0.122808 
0.0134795 0.123406 
0.0124446 0.124003 
0.0186899 0.115534 
0.041472 0.0988319 
0.0238617 0.117331 
0.0238606 0.118526 
0.0248954 0.117929 
0.0248942 0.119124 
0.0259293 0.118527 
0.0238596 0.11972 
0.0290687 0.0881336 
0.0239984 0.0217247 
0.0250335 0.0211299 
0.0250313 0.0223236 
0.0260663 0.0217289 
0.0157183 0.0241006 
0.0124618 0.102555 
0.0135004 0.101958 
0.0134982 0.103155 
0.0188104 0.0318807 
0.0352994 0.0785765 
0.0363359 0.0779805 
0.0363338 0.0791763 
0.0135112 0.095966 
0.0145497 0.0953689 
0.0145476 0.0965667 
0.015582 0.0959697 
0.0155875 0.0947719 
0.0155792 0.0971674 
0.0166243 0.0953727 
0.0166263 0.094175 
0.0518362 0.0833278 
0.0528709 0.0827326 
0.052869 0.0839263 
0.0539037 0.0833315 
0.0539141 0.0821305 
0.0312104 0.0474532 
0.036338 0.076785 
0.0250094 0.0402664 
0.0229458 0.0354772 
0.0395051 0.0355114 
0.0156915 0.0372594 
0.0311085 0.113155 
0.0311073 0.114349 
0.0260584 0.0300981 
0.0405293 0.0408874 
0.0280398 0.0839444 
0.0207681 0.0941047 
0.0218232 0.0827366 
0.038377 0.0922597 
0.0104076 0.0905681 
0.0219025 0.039662 
0.0269833 0.107194 
0.00831321 0.101349 
0.00727414 0.101947 
0.00727623 0.100748 
0.00623701 0.101346 
0.00623913 0.100147 
0.00623497 0.102544 
0.00519769 0.101943 
0.00519566 0.103142 
0.0146719 0.0294806 
0.0207757 0.0893175 
0.0197379 0.0899144 
0.0197361 0.0911113 
0.018697 0.0905165 
0.0187015 0.0893148 
0.0229525 0.0306898 
0.0207958 0.0773462 
0.0477621 0.0414965 
0.0477626 0.0426899 
0.0363929 0.0336966 
0.0218815 0.0516298 
0.0239108 0.0743634 
0.0177528 0.0420465 
0.0177548 0.0408496 
0.01775 0.0432435 
0.0115467 0.0360551 
0.0115491 0.0348576 
0.0125872 0.0342609 
0.0115515 0.0336601 
0.0125896 0.0330635 
0.021867 0.0600106 
0.0280074 0.103086 
0.00843273 0.0402542 
0.00936227 0.0947604 
0.00625412 0.0941941 
0.0052216 0.0948035 
0.00625223 0.0954073 
0.00521653 0.0959998 
0.00842618 0.0438503 
0.0446437 0.055231 
0.0446417 0.0564251 
0.0446468 0.0540391 
0.00841958 0.047447 
0.00841263 0.0510442 
0.0207978 0.0761493 
0.0187366 0.0725708 
0.00839686 0.0594374 
0.035337 0.0558573 
0.00838114 0.0678313 
0.00835652 0.0810215 
0.0373723 0.0773845 
0.0373744 0.0761891 
0.0176914 0.0791472 
0.0176836 0.0827505 
0.0373573 0.0857553 
0.0373594 0.08456 
0.00433973 0.0174979 
0.00433704 0.0186954 
0.00537273 0.0192964 
0.00433439 0.0198929 
0.00537017 0.0204939 
0.00428982 0.0210646 
0.00625472 0.0965897 
0.032157 0.100614 
0.032162 0.0994189 
0.00521561 0.0971765 
0.0145326 0.102558 
0.014538 0.101361 
0.0145299 0.103756 
0.0384674 0.030119 
0.0394979 0.0307213 
0.0269713 0.103682 
0.0321405 0.114947 
0.031106 0.115543 
0.0300728 0.114945 
0.0300716 0.116139 
0.00414494 0.112127 
0.00414681 0.110929 
0.00415823 0.102541 
0.00415632 0.10374 
0.00416028 0.101342 
0.00829065 0.115727 
0.00418832 0.0882083 
0.00418152 0.0917384 
0.00417518 0.0954035 
0.0198687 0.0181342 
0.0188364 0.017535 
0.0539016 0.0845248 
0.018685 0.122702 
0.0136632 0.0157245 
0.0146949 0.0163263 
0.0466386 0.10063 
0.0248931 0.120318 
0.00430471 0.0282622 
0.00430732 0.0270636 
0.00430222 0.0294606 
0.0260686 0.020535 
0.0271034 0.0211358 
0.0487982 0.0420899 
0.0488013 0.043278 
0.0229699 0.0187377 
0.0145147 0.12281 
0.0186998 0.0917268 
0.0456965 0.0426869 
0.0290423 0.10128 
0.0155747 0.101961 
0.0155727 0.100764 
0.0405401 0.0337204 
0.0415723 0.0331212 
0.00312293 0.125793 
0.0436253 0.046296 
0.0436262 0.0450918 
0.043626 0.0474955 
0.0176604 0.0899173 
0.0176653 0.0887147 
0.0260562 0.031293 
0.0270921 0.0306974 
0.0260666 0.0229248 
0.0424977 0.104206 
0.0435309 0.104804 
0.0456788 0.0558334 
0.0456754 0.0570246 
0.0342369 0.091131 
0.00729087 0.0923892 
0.0176857 0.0767418 
0.0176877 0.0755441 
0.0146924 0.0175206 
0.0157318 0.0169244 
0.0188265 0.0223133 
0.00834688 0.085818 
0.00835155 0.0834198 
0.0384137 0.0659797 
0.0384137 0.0671914 
0.0238629 0.103085 
0.0146879 0.0211086 
0.008363 0.0774241 
0.0301863 0.0408752 
0.0312204 0.0414748 
0.0291521 0.0402756 
0.00836746 0.0750259 
0.0238583 0.120914 
0.0301036 0.0887333 
0.0290668 0.0893297 
0.00837192 0.0726277 
0.0229502 0.0318849 
0.0239842 0.0324845 
0.0166168 0.12033 
0.0166122 0.11913 
0.0290383 0.115541 
0.0290371 0.116735 
0.00837653 0.0702294 
0.0281157 0.0408715 
0.0290915 0.0749708 
0.0290895 0.0761673 
0.0176989 0.0719736 
0.0176996 0.0707787 
0.0436125 0.0534377 
0.0446495 0.0528451 
0.0155902 0.0935742 
0.0404366 0.099428 
0.0218461 0.0719803 
0.048716 0.0946638 
0.0497487 0.0952622 
0.0383629 0.101817 
0.038361 0.103011 
0.0363252 0.0839604 
0.0373615 0.0833646 
0.025955 0.0911212 
0.0259433 0.0983002 
0.0218496 0.0695895 
0.00838795 0.0642338 
0.0311404 0.088137 
0.0352516 0.107189 
0.0228316 0.100092 
0.0218542 0.0671949 
0.0445917 0.0874908 
0.0445936 0.0862964 
0.0445898 0.0886852 
0.0083925 0.0618355 
0.0218586 0.0648 
0.0218628 0.0624052 
0.0219162 0.0312853 
0.0218728 0.0564184 
0.0176543 0.116131 
0.0218771 0.054024 
0.00840369 0.0558402 
0.0218881 0.0480386 
0.00726861 0.105542 
0.00622958 0.106139 
0.00622761 0.107338 
0.00519049 0.106737 
0.0207918 0.0797409 
0.00840824 0.053442 
0.0187038 0.0881168 
0.0176678 0.0875162 
0.0187921 0.0402531 
0.0051886 0.107935 
0.00534659 0.0264665 
0.00430478 0.025862 
0.00950099 0.025284 
0.00846313 0.0258797 
0.00843928 0.0366569 
0.0311967 0.0570438 
0.0311965 0.0558445 
0.0177575 0.0396527 
0.00536589 0.02169 
0.00424082 0.0222074 
0.0311966 0.052223 
0.0311984 0.0510277 
0.0300704 0.117333 
0.029036 0.117929 
0.0353423 0.048643 
0.00932863 0.11513 
0.0332702 0.0498349 
0.0072946 0.0899963 
0.0373413 0.0928555 
0.0373468 0.091667 
0.0134787 0.124601 
0.0197305 0.0947016 
0.0176506 0.123299 
0.00415718 0.107334 
0.00415674 0.115702 
0.00414822 0.116917 
0.00517765 0.11752 
0.0041393 0.118118 
0.0373552 0.0869508 
0.0280057 0.104281 
0.0259366 0.106605 
0.0507851 0.0934735 
0.047757 0.0403104 
0.0126299 0.0151238 
0.0321393 0.116141 
0.0331737 0.115545 
0.030209 0.0229391 
0.0312414 0.0235384 
0.0198718 0.0169403 
0.00320917 0.0204153 
0.0476732 0.100035 
0.0549363 0.0839301 
0.0186839 0.123896 
0.0147072 0.0151262 
0.0395019 0.0295246 
0.00312065 0.10194 
0.0197182 0.1233 
0.00310752 0.111526 
0.0405344 0.0301233 
0.0124439 0.125198 
0.0114098 0.1246 
0.0134779 0.125795 
0.0166271 0.0893118 
0.0322301 0.0552392 
0.0311926 0.0534173 
0.0383935 0.0851595 
0.0477619 0.0438816 
0.0384085 0.0767886 
0.0487934 0.0444821 
0.0498347 0.0438757 
0.0498259 0.0450808 
0.0425894 0.0468906 
0.0363688 0.0564493 
0.0166287 0.0929773 
0.0374279 0.0342978 
0.0363914 0.034891 
0.0166633 0.0713756 
0.0291764 0.0223402 
0.0404233 0.105405 
0.0414574 0.106002 
0.0414551 0.107196 
0.0424914 0.106598 
0.0342461 0.0887401 
0.0352808 0.0893381 
0.0229647 0.0223212 
0.0280027 0.117331 
0.0260672 0.0253194 
0.0456973 0.0450949 
0.0312226 0.0402795 
0.00311665 0.122203 
0.0280017 0.118525 
0.0374304 0.0354981 
0.0353584 0.0342918 
0.0373261 0.103607 
0.0269921 0.0905247 
0.0280317 0.0887304 
0.045627 0.0868953 
0.0290394 0.114347 
0.0157136 0.0264926 
0.0167165 0.0426436 
0.0259315 0.117332 
0.0436147 0.0522434 
0.0446501 0.0516481 
0.0456849 0.0522497 
0.0134953 0.104353 
0.0145314 0.104954 
0.0487142 0.0958574 
0.0497468 0.0964557 
0.0404388 0.0982335 
0.0093304 0.113932 
0.0209039 0.0175394 
0.0115825 0.0205029 
0.0145447 0.0977645 
0.0155807 0.0983656 
0.0166142 0.0977549 
0.0166178 0.0989656 
0.052867 0.0851198 
0.0538996 0.0857182 
0.0322566 0.0408789 
0.0322545 0.0420742 
0.0332905 0.0414784 
0.0114173 0.106747 
0.0124557 0.106149 
0.0124537 0.107347 
0.0134919 0.10675 
0.0134898 0.107947 
0.0217876 0.105474 
0.0228274 0.106066 
0.0217985 0.106653 
0.034211 0.112562 
0.0342096 0.113755 
0.0352441 0.11316 
0.0352428 0.114353 
0.0362771 0.113758 
0.0145402 0.100162 
0.0332886 0.0426737 
0.00534929 0.0252681 
0.0384698 0.0289253 
0.0363162 0.0887397 
0.0363273 0.0827651 
0.0373636 0.0821693 
0.0435929 0.0653853 
0.0446265 0.0659843 
0.0446285 0.0647897 
0.045662 0.0653887 
0.045664 0.0641942 
0.0456601 0.0665832 
0.0466955 0.0659877 
0.0487123 0.0970509 
0.0363712 0.057651 
0.0124517 0.108544 
0.0436165 0.0510485 
0.0290936 0.0737744 
0.0383645 0.100622 
0.0507872 0.0922796 
0.0518197 0.0928783 
0.0518216 0.0916849 
0.042519 0.0898769 
0.0271022 0.0247233 
0.0446398 0.0576196 
0.0456733 0.058219 
0.0528651 0.0863133 
0.0538977 0.0869116 
0.0528632 0.0875067 
0.0538957 0.0881051 
0.0528613 0.0887001 
0.0362785 0.112564 
0.0178005 0.0181298 
0.0178041 0.0169338 
0.0259509 0.0935146 
0.0301016 0.0899294 
0.0290649 0.0905257 
0.0446305 0.0635952 
0.045666 0.0629997 
0.0446325 0.0624007 
0.045668 0.0618052 
0.0435505 0.0916702 
0.0446346 0.0612062 
0.04567 0.0606108 
0.0446364 0.060011 
0.034304 0.0552556 
0.0353383 0.0546615 
0.0425117 0.0946548 
0.02491 0.0965044 
0.0269985 0.0869342 
0.040434 0.100623 
0.0218915 0.0456443 
0.022948 0.0330802 
0.0239821 0.0336797 
0.0250182 0.0330839 
0.0301118 0.0839487 
0.0249048 0.109568 
0.0238749 0.108977 
0.0238689 0.110165 
0.0228342 0.109566 
0.0228509 0.0881245 
0.0363881 0.0444654 
0.0197276 0.0970951 
0.0331948 0.0988229 
0.0321643 0.0982238 
0.0331967 0.0976278 
0.0384189 0.06478 
0.0363295 0.0815698 
0.0373657 0.0809739 
0.0311946 0.0582347 
0.00417797 0.0869872 
0.0031377 0.0875689 
0.0238988 0.0815436 
0.0363725 0.0516419 
0.0146608 0.0342657 
0.0414738 0.0976379 
0.0197255 0.114938 
0.0186909 0.114339 
0.0197267 0.113742 
0.00727831 0.0995493 
0.00415559 0.113316 
0.0239633 0.045647 
0.0228322 0.11076 
0.0217973 0.110162 
0.021796 0.111357 
0.0207638 0.110758 
0.0219187 0.0300902 
0.0456288 0.0857013 
0.00518584 0.110331 
0.0041528 0.108533 
0.00415418 0.106136 
0.0187061 0.0869196 
0.0208826 0.0306861 
0.0250319 0.0235203 
0.0228733 0.0749598 
0.0228715 0.0761559 
0.0176699 0.086319 
0.0197421 0.0875199 
0.0208808 0.0318819 
0.0115542 0.0324632 
0.0301284 0.0743748 
0.0301305 0.0731786 
0.0425913 0.0480919 
0.0477522 0.0546637 
0.00640802 0.0198967 
0.0105161 0.0330593 
0.00743441 0.0228864 
0.0186919 0.113144 
0.0343242 0.0420771 
0.0343222 0.0432713 
0.0466926 0.0671821 
0.045658 0.0677776 
0.0466905 0.0683765 
0.0456561 0.0689721 
0.0466895 0.0695709 
0.0456543 0.0701665 
0.0466873 0.0707661 
0.0456525 0.071361 
0.0466854 0.0719607 
0.0456506 0.0725555 
0.0466835 0.0731552 
0.0456487 0.0737499 
0.0466816 0.0743496 
0.0456468 0.0749444 
0.0466797 0.075544 
0.0456449 0.0761386 
0.0466778 0.0767383 
0.0456431 0.077333 
0.0466764 0.0779319 
0.0456413 0.0785274 
0.0466741 0.0791269 
0.0456394 0.0797218 
0.0466722 0.0803214 
0.0456374 0.0809161 
0.0466707 0.081515 
0.0456357 0.0821104 
0.0125922 0.0318664 
0.0105112 0.0354543 
0.033281 0.0474562 
0.0301617 0.0564444 
0.0301634 0.0552496 
0.0167126 0.0438402 
0.0105115 0.0366537 
0.0207622 0.109562 
0.0467004 0.0624042 
0.00639669 0.0234806 
0.00427109 0.0246204 
0.00330124 0.0180943 
0.00330408 0.0168963 
0.0467101 0.0576253 
0.0467065 0.0588171 
0.00932217 0.116319 
0.0166649 0.0701807 
0.0301605 0.0528196 
0.0343172 0.0468602 
0.0343192 0.0456649 
0.0134834 0.109137 
0.01245 0.109742 
0.0166665 0.0725733 
0.0187272 0.0749493 
0.00325559 0.0264385 
0.0384027 0.0779849 
0.0176544 0.103085 
0.00313247 0.0863384 
0.0031174 0.0887656 
0.0186944 0.100092 
0.0436266 0.0486854 
0.00326529 0.0288593 
0.00326275 0.0300579 
0.0456893 0.0510578 
0.0384394 0.0564232 
0.00937136 0.0911654 
0.00937405 0.0899669 
0.00936976 0.0923639 
0.0384072 0.0755933 
0.037376 0.0749938 
0.0384086 0.074398 
0.037378 0.0737985 
0.0384142 0.0732027 
0.0373806 0.0726031 
0.0384134 0.0720073 
0.0373825 0.0714078 
0.0384151 0.070812 
0.0373845 0.0702125 
0.0384225 0.069607 
0.0373867 0.0690113 
0.0373802 0.0653811 
0.0373897 0.0641892 
0.0166245 0.0905392 
0.0166529 0.0761412 
0.0166546 0.0749465 
0.0166533 0.0773488 
0.00312799 0.10074 
0.00416327 0.100143 
0.00313112 0.099541 
0.038394 0.0827688 
0.0311309 0.100022 
0.0311251 0.101226 
0.0290376 0.103678 
0.0103617 0.114525 
0.0103674 0.113334 
0.0176647 0.0935781 
0.0145233 0.107343 
0.00311655 0.110307 
0.00312713 0.106722 
0.00311555 0.105534 
0.00311739 0.117498 
0.00311151 0.118694 
0.00828341 0.116915 
0.0248726 0.121479 
0.0476592 0.101208 
0.0466349 0.10182 
0.00517001 0.11871 
0.00620731 0.118111 
0.0114154 0.125779 
0.0103759 0.125194 
0.0145386 0.125187 
0.0508618 0.0444837 
0.0508588 0.0456787 
0.0259099 0.120883 
0.00222144 0.0174663 
0.0312352 0.0223604 
0.027096 0.0199541 
0.0260697 0.0193437 
0.0281317 0.0205594 
0.0497132 0.0976491 
0.042477 0.107775 
0.0414518 0.108387 
0.0372803 0.113162 
0.0373076 0.111969 
0.0322591 0.0229731 
0.0322711 0.0241421 
0.0332879 0.0235781 
0.0333026 0.0247426 
0.00206164 0.0880727 
0.0434838 0.107123 
0.0166163 0.122701 
0.0166155 0.123895 
0.0145241 0.120401 
0.0145203 0.119202 
0.0498266 0.0462828 
0.0508582 0.0468731 
0.0518914 0.0462774 
0.0518895 0.0474709 
0.0508613 0.0480727 
0.0518885 0.0486646 
0.0528642 0.0480691 
0.0528995 0.0492626 
0.0518885 0.0498645 
0.0529178 0.0504559 
0.0176543 0.113758 
0.0290205 0.119097 
0.0279983 0.119714 
0.0405302 0.0313204 
0.019725 0.1102 
0.011399 0.113901 
0.0114059 0.112739 
0.0384625 0.0337028 
0.0270919 0.0318919 
0.0281261 0.0312964 
0.0281279 0.0301019 
0.0291614 0.0307012 
0.0291597 0.0318952 
0.0301949 0.0313004 
0.0466693 0.0827114 
0.0456336 0.0833047 
0.0281411 0.0229358 
0.035357 0.0354874 
0.0157265 0.01812 
0.0146901 0.018715 
0.0415611 0.0474889 
0.0517859 0.0940676 
0.0281176 0.0396755 
0.0291542 0.0390801 
0.0548737 0.0863165 
0.00208439 0.106108 
0.00638791 0.0258722 
0.0467213 0.0516581 
0.0280045 0.114944 
0.0467166 0.0540681 
0.0322588 0.0396838 
0.0259366 0.103083 
0.02593 0.104273 
0.0393958 0.102415 
0.0487049 0.0982447 
0.0497399 0.0988803 
0.0114101 0.12221 
0.0394026 0.0988308 
0.0155655 0.104342 
0.015563 0.105553 
0.01037 0.112138 
0.011408 0.111541 
0.0124401 0.112108 
0.0155926 0.0923766 
0.0291275 0.0558444 
0.0393901 0.104807 
0.040425 0.104211 
0.0228252 0.120316 
0.0228229 0.121511 
0.0363114 0.0922708 
0.0363056 0.0934515 
0.027081 0.0402712 
0.0270792 0.0414673 
0.0269903 0.0917207 
0.0280523 0.0767639 
0.0290875 0.0773637 
0.0301244 0.0767676 
0.0301227 0.0779646 
0.0290856 0.0785602 
0.0352973 0.0797731 
0.0445959 0.0851013 
0.0332118 0.0881397 
0.033209 0.0893381 
0.0476814 0.0952591 
0.042579 0.0528382 
0.0228298 0.101288 
0.0238668 0.100691 
0.0238687 0.0994949 
0.0136277 0.0324672 
0.0145541 0.0929733 
0.0103756 0.124002 
0.00934069 0.124599 
0.00934009 0.125793 
0.00830557 0.125196 
0.00829061 0.126366 
0.00726808 0.125789 
0.035291 0.0833608 
0.0166146 0.101339 
0.0477251 0.0689754 
0.0394545 0.0677815 
0.0238664 0.111359 
0.0383794 0.091066 
0.0404403 0.0970396 
0.0466622 0.0863016 
0.0177017 0.069582 
0.0166676 0.068991 
0.00622605 0.108536 
0.0104099 0.0893695 
0.00937304 0.0887682 
0.0177478 0.0444407 
0.0167119 0.0450398 
0.0197324 0.0935046 
0.0207701 0.092908 
0.047712 0.0773393 
0.00623325 0.103743 
0.0187949 0.0390566 
0.0177597 0.038456 
0.0167239 0.0390538 
0.0198303 0.0396574 
0.0176559 0.117326 
0.0166186 0.116728 
0.0477062 0.0809222 
0.0414757 0.0964436 
0.00533624 0.0312595 
0.0042969 0.0318565 
0.00429444 0.0330553 
0.00321228 0.0324499 
0.00324733 0.0336522 
0.0186948 0.0977052 
0.0186999 0.0965038 
0.0136309 0.0312707 
0.00742036 0.0276708 
0.0105323 0.0270799 
0.00832319 0.0953577 
0.00832107 0.0965564 
0.0207639 0.111953 
0.0353528 0.0462612 
0.0166355 0.0869156 
0.0166337 0.0857178 
0.0394425 0.0773683 
0.0156293 0.0707884 
0.0105205 0.0318635 
0.0394486 0.0737823 
0.0228752 0.0737631 
0.0218375 0.0743598 
0.023914 0.0731683 
0.0425925 0.0492799 
0.0507488 0.0958605 
0.00416607 0.0989482 
0.00312592 0.0983423 
0.00208712 0.0989394 
0.00832828 0.0941624 
0.00624122 0.0989479 
0.00728596 0.098356 
0.0382328 0.112579 
0.0383274 0.111375 
0.0373492 0.0904923 
0.0321618 0.0970287 
0.0311293 0.0976601 
0.0331976 0.0964325 
0.0342317 0.0970318 
0.0342335 0.0958364 
0.0290453 0.10485 
0.0228468 0.108395 
0.0166195 0.115533 
0.0134805 0.110311 
0.00932704 0.11748 
0.00621382 0.119273 
0.0280158 0.105457 
0.0415243 0.0307219 
0.025766 0.122041 
0.0289706 0.120274 
0.0343091 0.0241962 
0.034333 0.0253447 
0.0353412 0.0247955 
0.0353651 0.025944 
0.0364023 0.025292 
0.0364014 0.0265306 
0.0538327 0.0892983 
0.0528488 0.089894 
0.0538258 0.0904911 
0.042601 0.109011 
0.0414435 0.109558 
0.0331434 0.116688 
0.034173 0.116084 
0.0321137 0.117292 
0.0528141 0.092211 
0.0394957 0.0283696 
0.0384464 0.0277801 
0.0208734 0.0164025 
0.0219021 0.0170138 
0.0198889 0.0157606 
0.0271244 0.0187141 
0.0197171 0.124494 
0.0394148 0.112134 
0.0393838 0.110805 
0.0072323 0.126923 
0.00622885 0.126379 
0.00623275 0.127562 
0.00519904 0.126982 
0.0541596 0.0497604 
0.0540012 0.0510375 
0.0529295 0.0516465 
0.0539484 0.0522475 
0.0529188 0.0528421 
0.0539474 0.0534408 
0.0529169 0.054043 
0.0539456 0.0546346 
0.0549509 0.0540392 
0.0549442 0.0552326 
0.0539427 0.0558277 
0.0549699 0.056426 
0.0539427 0.0570211 
0.054973 0.0576194 
0.053942 0.0582145 
0.0549721 0.0588127 
0.0539405 0.0594079 
0.0549706 0.0600062 
0.0539344 0.0606042 
0.0549664 0.061203 
0.0560024 0.060605 
0.0560004 0.0617986 
0.0549666 0.062396 
0.055999 0.0629919 
0.054967 0.0635876 
0.0559976 0.064185 
0.054966 0.0647801 
0.055996 0.0653782 
0.0549626 0.0659733 
0.055994 0.0665715 
0.0549622 0.0671667 
0.0559924 0.067765 
0.0549608 0.0683601 
0.0559908 0.0689584 
0.0549573 0.0695536 
0.0559887 0.0701518 
0.0549569 0.070747 
0.0559871 0.0713453 
0.0549554 0.0719405 
0.0559854 0.0725387 
0.0549519 0.0731339 
0.0559834 0.0737321 
0.0549516 0.0743273 
0.0559818 0.0749256 
0.0549501 0.0755208 
0.0559801 0.076119 
0.0549484 0.0767142 
0.0559783 0.0773124 
0.0549439 0.0779076 
0.0559761 0.0785058 
0.0549429 0.0790987 
0.0559757 0.0796965 
0.0539091 0.0785024 
0.0539192 0.0749396 
0.0539248 0.0713588 
0.0539304 0.0677779 
0.0539355 0.0641979 
0.057019 0.0719442 
0.0539151 0.0797034 
0.0570081 0.0683632 
0.0570043 0.0659781 
0.0559679 0.0582176 
0.0529074 0.0600072 
0.0570123 0.061166 
0.0569578 0.0636086 
0.0569901 0.0755238 
0.0560098 0.0558308 
0.054948 0.05057 
0.0570102 0.0779107 
0.0508935 0.0432384 
0.0549504 0.0887612 
0.00224665 0.0162659 
0.00330363 0.0156937 
0.0487007 0.100637 
0.0364083 0.0241447 
0.0258746 0.0180987 
0.0249891 0.0187613 
0.0477973 0.102517 
0.0466351 0.103017 
0.0518952 0.0438906 
0.0508598 0.0420086 
0.0571612 0.0598968 
0.0323618 0.0218797 
0.0211605 0.0151594 
0.018683 0.12509 
0.0331798 0.11785 
0.00225146 0.0150562 
0.00330644 0.014493 
0.00227483 0.0138985 
0.0033185 0.0133116 
0.00434857 0.0139046 
0.00441819 0.0128065 
0.00539945 0.0133311 
0.00227822 0.0127013 
0.00207761 0.0976745 
0.00311714 0.0970891 
0.00208296 0.101338 
0.00208093 0.102538 
0.0052486 0.128122 
0.00416525 0.127584 
0.00305901 0.128164 
0.0372738 0.114349 
0.00933305 0.12705 
0.0166269 0.0917695 
0.00209126 0.104919 
0.00213905 0.0186011 
0.00109644 0.0167349 
0.00207349 0.110911 
0.00207658 0.112102 
0.0279145 0.120853 
0.0300864 0.100663 
0.0166051 0.104913 
0.0166091 0.103705 
0.0176554 0.100714 
0.0343063 0.0540539 
0.0353411 0.0534542 
0.0363746 0.0540601 
0.0363751 0.0528559 
0.0404928 0.111297 
0.0322317 0.0540341 
0.0301585 0.0540247 
0.0477596 0.0450846 
0.0176608 0.098322 
0.0176565 0.0971203 
0.0415529 0.0295456 
0.00221507 0.0294355 
0.00219992 0.0306332 
0.00216236 0.028133 
0.015594 0.0899257 
0.015596 0.0887165 
0.0156008 0.0863386 
0.00102029 0.0310806 
0.00213808 0.0317785 
0.00213409 0.0329701 
0.00218265 0.0342103 
0.00324588 0.0348453 
0.00217285 0.0354201 
0.00324257 0.0360455 
0.0399504 0.113354 
0.0528762 0.0791037 
0.0528796 0.077914 
0.00106696 0.0347059 
0.00219572 0.0366358 
0.00324417 0.0372475 
0.0042879 0.0366533 
0.00218961 0.0378218 
0.0032419 0.0384452 
0.00216991 0.0390211 
0.00323686 0.0396446 
0.0145536 0.12634 
0.0134828 0.126898 
0.0207581 0.123878 
0.0207535 0.122701 
0.0217526 0.123238 
0.0156167 0.076768 
0.039455 0.0701871 
0.0415571 0.0462855 
0.00833434 0.0917761 
0.0384217 0.0683927 
0.0373805 0.0678059 
0.0373787 0.0665918 
0.00833769 0.0893834 
0.0415653 0.0319145 
0.0427329 0.0311511 
0.0405328 0.0325189 
0.00106832 0.0383101 
0.0363473 0.0660011 
0.00218955 0.0402344 
0.00323757 0.040846 
0.00428112 0.0402517 
0.00218363 0.0414205 
0.00323518 0.0420435 
0.00216437 0.0426198 
0.00323027 0.0432431 
0.0529029 0.061205 
0.046718 0.0528518 
0.0529114 0.0576276 
0.0518841 0.0534588 
0.0477434 0.058229 
0.0374058 0.0570335 
0.0374069 0.05824 
0.0374032 0.0558324 
0.001066 0.0419096 
0.0467273 0.0444812 
0.0374115 0.053452 
0.0291271 0.0546392 
0.0311941 0.0546322 
0.00219674 0.0438463 
0.00323306 0.0444466 
0.00427433 0.0438502 
0.00218248 0.0450286 
0.00322963 0.045644 
0.00215983 0.0462206 
0.00322404 0.0468424 
0.0301933 0.0324954 
0.0312284 0.0318995 
0.0477288 0.0665919 
0.0477308 0.0653923 
0.0281434 0.021742 
0.0291758 0.0211472 
0.0291782 0.0199504 
0.0303347 0.0206315 
0.0424953 0.105401 
0.0435212 0.105987 
0.0445623 0.1054 
0.0445157 0.106547 
0.0455569 0.105999 
0.045523 0.104806 
0.026932 0.120274 
0.0260672 0.0241222 
0.0250306 0.0247161 
0.00416554 0.126389 
0.0010669 0.0455177 
0.0477191 0.0725654 
0.0456314 0.0845035 
0.025016 0.0342803 
0.0260539 0.0336847 
0.0250132 0.0354775 
0.022946 0.0342762 
0.0477152 0.074954 
0.00111109 0.0142 
0.0157246 0.0193154 
0.0343267 0.0408827 
0.0353599 0.041481 
0.00538553 0.0145102 
0.0064224 0.0139142 
0.0064417 0.0127473 
0.00745328 0.0133303 
0.00751766 0.0122128 
0.00745356 0.0145137 
0.00848471 0.0139293 
0.00623558 0.125195 
0.0300995 0.0911259 
0.0312248 0.0390843 
0.0124413 0.110922 
0.0114099 0.110338 
0.00848805 0.0151162 
0.00952522 0.0145219 
0.0105599 0.0151219 
0.00946311 0.0134221 
0.0105342 0.0139729 
0.046667 0.0839035 
0.002153 0.0474059 
0.00322013 0.0480388 
0.00426649 0.0474459 
0.0021669 0.0486055 
0.00322028 0.0492379 
0.00217501 0.0498211 
0.00322062 0.0504406 
0.0146887 0.0199115 
0.0217818 0.122097 
0.0227899 0.122652 
0.02274 0.123902 
0.0238194 0.122046 
0.0363521 0.0684126 
0.0498439 0.0426498 
0.0498119 0.0414642 
0.0508764 0.0409134 
0.0404109 0.110137 
0.00426169 0.0498421 
0.00427319 0.0510227 
0.00317867 0.0515786 
0.0446004 0.0827079 
0.0271029 0.0223307 
0.008305 0.124001 
0.0281202 0.0384806 
0.0291565 0.0378848 
0.0446381 0.0588154 
0.0145429 0.0989634 
0.044604 0.0803187 
0.0167662 0.0175265 
0.0167736 0.0163312 
0.0178018 0.0157569 
0.0168152 0.0151987 
0.0178738 0.0146875 
0.0157461 0.0157396 
0.0159098 0.0144055 
0.0147048 0.013913 
0.0136855 0.0145534 
0.0126551 0.0140174 
0.0167626 0.0187222 
0.0528251 0.0910543 
0.0518173 0.0904841 
0.0311598 0.0773707 
0.0290624 0.0917234 
0.0446078 0.0779297 
0.0291237 0.0534208 
0.0155742 0.0995645 
0.0393826 0.109584 
0.0301206 0.0791598 
0.0290833 0.0797575 
0.0487057 0.0994457 
0.0497326 0.100089 
0.0260447 0.0408675 
0.0145283 0.106151 
0.0155602 0.106736 
0.00641817 0.0151094 
0.00103943 0.123401 
0.047674 0.0988417 
0.00104923 0.0490223 
0.0010394 0.122201 
0.00207818 0.121601 
0.00207489 0.12042 
0.00312013 0.121026 
0.0446115 0.0755407 
0.0269684 0.117927 
0.0269689 0.116734 
0.0146662 0.0318721 
0.0343368 0.0265278 
0.0518286 0.0881018 
0.0363505 0.0696103 
0.0259333 0.116138 
0.0301971 0.0301058 
0.0269941 0.0893283 
0.0373103 0.110775 
0.0248972 0.116734 
0.0446152 0.0731513 
0.0311363 0.0905291 
0.00207993 0.126388 
0.0207531 0.121508 
0.0124575 0.104951 
0.0466602 0.0874957 
0.043599 0.0618016 
0.0456716 0.0594148 
0.0467054 0.0600153 
0.0436027 0.0594115 
0.0363315 0.0803744 
0.0373678 0.0797785 
0.0383983 0.080378 
0.0383992 0.0791815 
0.0394317 0.0797635 
0.0363467 0.0720036 
0.0217881 0.120911 
0.0280059 0.113749 
0.0290403 0.113153 
0.0238648 0.101888 
0.0249019 0.101291 
0.0135069 0.0983621 
0.0155931 0.0911627 
0.0322526 0.0432699 
0.0103735 0.121613 
0.00434452 0.015101 
0.025953 0.0923177 
0.0446189 0.0707625 
0.0332683 0.0534392 
0.0456025 0.102419 
0.021912 0.0336767 
0.0322713 0.0253319 
0.0518325 0.0857149 
0.0414589 0.104808 
0.041461 0.103613 
0.00621377 0.116921 
0.00724494 0.117513 
0.00103283 0.119818 
0.0271024 0.0235258 
0.0103822 0.126339 
0.0135049 0.0995607 
0.0217904 0.119718 
0.0176487 0.0911404 
0.0260466 0.0396707 
0.0281219 0.0372844 
0.0217946 0.112552 
0.0219307 0.0181501 
0.0229663 0.01756 
0.0239803 0.0181758 
0.0240393 0.016921 
0.0124663 0.100158 
0.0157233 0.0205115 
0.013653 0.0205075 
0.0115801 0.0216991 
0.0239906 0.0193456 
0.0363424 0.0743943 
0.00103908 0.0238002 
0.00207792 0.0232003 
0.00206568 0.0220224 
0.00312554 0.0226546 
0.00317622 0.023933 
0.0010372 0.0214041 
0.00206628 0.0208842 
0.00102541 0.0202521 
0.0342025 0.11494 
0.0352345 0.115536 
0.0350086 0.116668 
0.0362554 0.11635 
0.0362755 0.114952 
0.0238726 0.0971016 
0.0238706 0.0982982 
0.0445985 0.083904 
0.0103722 0.110939 
0.014516 0.121614 
0.0155646 0.120979 
0.00104239 0.117424 
0.00208017 0.116816 
0.00208251 0.115623 
0.00103965 0.115008 
0.00208637 0.11443 
0.00313089 0.115077 
0.0312278 0.0330946 
0.0322619 0.0324983 
0.0322609 0.0336932 
0.0332947 0.0330959 
0.0332933 0.0342921 
0.032263 0.0313028 
0.0446228 0.0683732 
0.0456903 0.053457 
0.0188124 0.030684 
0.0145138 0.124004 
0.0155887 0.124548 
0.00638429 0.0270693 
0.0302207 0.0217779 
0.025961 0.0875314 
0.026988 0.092918 
0.0280252 0.092321 
0.0250115 0.0390699 
0.0404421 0.095845 
0.0250072 0.0414628 
0.014679 0.0258923 
0.0157161 0.0252967 
0.0167505 0.0258967 
0.0167529 0.024701 
0.0167554 0.0235053 
0.0177891 0.0241049 
0.017787 0.0253009 
0.0188234 0.0247049 
0.018825 0.0235091 
0.0198593 0.0241093 
0.0198608 0.0229135 
0.0208951 0.0235137 
0.0219296 0.0241138 
0.0229639 0.0235166 
0.0208968 0.0223183 
0.0167481 0.0270927 
0.010359 0.115694 
0.00641057 0.0187003 
0.00744511 0.0192995 
0.00104427 0.0262071 
0.00207808 0.0256 
0.00211292 0.0268578 
0.00321761 0.0251928 
0.00108193 0.0286517 
0.00209169 0.024428 
0.0260423 0.0420632 
0.0270768 0.042663 
0.0395 0.0331195 
0.018808 0.0330775 
0.0198448 0.0324792 
0.0198426 0.0336762 
0.0124437 0.126367 
0.0103788 0.107344 
0.0331741 0.11435 
0.0436044 0.0582158 
0.0136253 0.0336648 
0.0250294 0.0259112 
0.0198276 0.0408537 
0.00640497 0.0210928 
0.0126147 0.0222998 
0.0217926 0.101885 
0.0290423 0.102486 
0.0300807 0.103061 
0.0300845 0.101865 
0.0435545 0.0892808 
0.0445879 0.0898795 
0.045623 0.0892842 
0.0456211 0.0904787 
0.0445858 0.0910746 
0.0466561 0.0898839 
0.00428879 0.0354525 
0.00844132 0.035456 
0.0435627 0.0845017 
0.029158 0.0330913 
0.0363699 0.0588457 
0.0374011 0.0594453 
0.0384388 0.0588271 
0.020753 0.106069 
0.0207661 0.107248 
0.0197307 0.107844 
0.0374329 0.0283345 
0.0374312 0.0271453 
0.0385936 0.0265484 
0.00103954 0.109011 
0.00208946 0.108443 
0.00208158 0.109638 
0.0290957 0.0725779 
0.0301327 0.0719821 
0.0311677 0.0725852 
0.0145198 0.108515 
0.0208627 0.0414542 
0.0507725 0.0946663 
0.0519161 0.0953857 
0.0176224 0.124439 
0.0280985 0.0504394 
0.0291347 0.0498418 
0.0291373 0.0486468 
0.0301722 0.0492468 
0.0301743 0.0480509 
0.0291394 0.0474504 
0.0312085 0.0486498 
0.0322445 0.0480524 
0.0291324 0.0510352 
0.0363188 0.0875463 
0.0373582 0.0881339 
0.0383921 0.0875249 
0.0383907 0.0863524 
0.0394287 0.0857382 
0.0394288 0.0845413 
0.0383912 0.0839604 
0.0311383 0.089333 
0.032173 0.0899328 
0.0332053 0.0905373 
0.0342424 0.0899393 
0.0352719 0.0905252 
0.0134933 0.105551 
0.0124595 0.103753 
0.0353688 0.0283219 
0.036401 0.02773 
0.0322612 0.0348917 
0.0238556 0.105468 
0.0238702 0.10663 
0.0248912 0.10487 
0.0259229 0.119712 
0.00834916 0.0846187 
0.00938581 0.0840212 
0.00938787 0.0828224 
0.0104227 0.0834114 
0.0093831 0.0852201 
0.00938593 0.086411 
0.010423 0.0858085 
0.00834743 0.0870072 
0.0217916 0.118524 
0.0084104 0.0522431 
0.00944782 0.0516456 
0.00945164 0.0504469 
0.0104873 0.0510406 
0.0104888 0.049842 
0.00945206 0.0492465 
0.00944531 0.0528444 
0.00944299 0.0540434 
0.0104797 0.0534391 
0.00840559 0.0546411 
0.00944057 0.0552426 
0.00943832 0.0564419 
0.0104751 0.0558368 
0.0312164 0.0438659 
0.00836523 0.0762249 
0.00940199 0.0756274 
0.00940387 0.0744282 
0.0104387 0.0750189 
0.00939936 0.0768263 
0.00939717 0.0780252 
0.0104341 0.0774164 
0.00836081 0.078623 
0.00939504 0.0792245 
0.00835847 0.0798224 
0.00939551 0.0804239 
0.010433 0.0798142 
0.0104325 0.0810093 
0.00939 0.0816206 
0.0145861 0.0737917 
0.0156271 0.0731841 
0.00839466 0.0606365 
0.00943185 0.0600389 
0.00943591 0.0588401 
0.0104719 0.0594319 
0.0104733 0.0582331 
0.00943558 0.0576394 
0.00942928 0.0612378 
0.00942694 0.0624369 
0.0104637 0.0618309 
0.00838984 0.0630347 
0.00942453 0.0636362 
0.00942236 0.0648355 
0.0104592 0.0642288 
0.00837428 0.0714286 
0.00941121 0.070831 
0.00941316 0.0696321 
0.0104478 0.0702234 
0.00837848 0.0690305 
0.00941539 0.0684331 
0.00942023 0.0672341 
0.0104566 0.067824 
0.0104579 0.066625 
0.00941962 0.0660328 
0.00940855 0.0720299 
0.00940559 0.0732291 
0.0104431 0.072621 
0.00838326 0.0666321 
0.0321746 0.0947029 
0.0404158 0.108974 
0.0280776 0.0624044 
0.0291147 0.061808 
0.0291169 0.0606116 
0.030151 0.0612116 
0.0301497 0.0624079 
0.030154 0.0600154 
0.0291181 0.0594149 
0.0311859 0.0618163 
0.00829414 0.113332 
0.00428198 0.0390498 
0.0145977 0.0678079 
0.0156366 0.0672086 
0.0156409 0.0660126 
0.0166774 0.0666102 
0.0166779 0.0654153 
0.0177145 0.0660093 
0.0156431 0.0648146 
0.0166797 0.0642173 
0.0218475 0.0707862 
0.0228847 0.0701889 
0.0228869 0.0689917 
0.0239221 0.0695862 
0.0218518 0.068392 
0.0228891 0.0677944 
0.0228916 0.066597 
0.0239267 0.0671919 
0.0218564 0.0659973 
0.0228938 0.0653996 
0.0228963 0.0642022 
0.0239314 0.0647975 
0.0218611 0.0636026 
0.0228984 0.0630047 
0.0229008 0.0618074 
0.0239358 0.0624032 
0.0218655 0.0612078 
0.0229028 0.06061 
0.0229049 0.0594137 
0.0239406 0.0600097 
0.023942 0.0588127 
0.0229062 0.0582148 
0.0228829 0.0713818 
0.0198575 0.0253054 
0.0321485 0.107782 
0.0331835 0.107186 
0.0331852 0.105992 
0.0342203 0.105396 
0.0342219 0.104201 
0.0352554 0.1048 
0.0352539 0.105994 
0.0352572 0.103605 
0.0362907 0.104204 
0.0352588 0.10241 
0.0146093 0.0630151 
0.0156479 0.0624178 
0.0156501 0.0612198 
0.0166845 0.0618207 
0.0166865 0.0606228 
0.0177203 0.0612172 
0.0166816 0.0630189 
0.0156521 0.0600215 
0.0166886 0.0594239 
0.00836936 0.0738267 
0.0280671 0.0683876 
0.0291042 0.0677911 
0.0291064 0.0665947 
0.030141 0.0671953 
0.0301432 0.0659991 
0.0301392 0.0683923 
0.0291087 0.0653984 
0.0301458 0.0648023 
0.0311807 0.0654023 
0.0311829 0.0642061 
0.0311763 0.0677948 
0.0301482 0.0636061 
0.0342485 0.0934896 
0.00835372 0.0822205 
0.0280628 0.0707808 
0.0291001 0.0701844 
0.0290979 0.0713814 
0.0301357 0.0707854 
0.0301372 0.0695891 
0.0311724 0.0701928 
0.033285 0.0450653 
0.0343208 0.0444676 
0.0353315 0.0606399 
0.0363658 0.0612396 
0.0363619 0.0624268 
0.037401 0.0618295 
0.0374022 0.0606438 
0.0384352 0.0612294 
0.0363678 0.0600437 
0.0207938 0.0785433 
0.0218318 0.0779466 
0.0218296 0.079144 
0.0218277 0.0803413 
0.0228676 0.0785486 
0.02079 0.0809382 
0.0218262 0.0815383 
0.0228633 0.0809427 
0.0290481 0.0977054 
0.0300921 0.098275 
0.0290494 0.0965104 
0.0300918 0.0959048 
0.0146245 0.0546274 
0.0156608 0.0552283 
0.0156586 0.0564263 
0.0166971 0.0558292 
0.0166941 0.0570256 
0.0166985 0.0546298 
0.0156563 0.0576239 
0.0177327 0.056422 
0.0166915 0.0582235 
0.0156545 0.058822 
0.0177257 0.0588188 
0.0156628 0.05403 
0.0156651 0.0528322 
0.0167005 0.0534316 
0.0167029 0.0522335 
0.0177383 0.0528301 
0.0156672 0.0516337 
0.0167049 0.0510346 
0.0446693 0.0385064 
0.0446714 0.0373126 
0.0436386 0.0367137 
0.0446736 0.036119 
0.0457061 0.0367177 
0.045671 0.0355887 
0.0446606 0.0349506 
0.0466966 0.0361777 
0.0467307 0.0373244 
0.0477569 0.0367504 
0.0477975 0.0379361 
0.0488333 0.0385943 
0.0477719 0.0391336 
0.0311424 0.0869409 
0.0177341 0.0552238 
0.0405596 0.028942 
0.0405931 0.0275951 
0.0425591 0.0647858 
0.0374311 0.0378949 
0.0374305 0.0366961 
0.0384664 0.0372993 
0.0384678 0.0361032 
0.038467 0.0349054 
0.0426091 0.0337259 
0.0426273 0.0324935 
0.0436281 0.0331521 
0.0437017 0.0319657 
0.00427474 0.0426465 
0.0291021 0.0689881 
0.0270109 0.0797541 
0.0280461 0.0803541 
0.028044 0.0815511 
0.029081 0.0809546 
0.0290791 0.0821513 
0.0301161 0.081556 
0.0280419 0.0827476 
0.029077 0.0833484 
0.0281046 0.0468504 
0.0218749 0.0552212 
0.0229123 0.0546239 
0.0229145 0.0534268 
0.0239497 0.0540255 
0.0229102 0.0558209 
0.0229081 0.0570177 
0.0239453 0.0564182 
0.0218707 0.0576153 
0.0218793 0.0528268 
0.0229167 0.0522298 
0.0229192 0.0510324 
0.0239538 0.0516304 
0.0218839 0.0504327 
0.0229217 0.0498347 
0.0218865 0.0492357 
0.0229236 0.0486377 
0.0229253 0.0474411 
0.0218902 0.0468413 
0.0467022 0.0612097 
0.0477374 0.0606199 
0.0270046 0.0833443 
0.00843493 0.0390557 
0.00947168 0.0396569 
0.00946887 0.0408541 
0.00947385 0.0384565 
0.0105075 0.0402521 
0.0105102 0.0390571 
0.00843715 0.0378568 
0.00843045 0.0414525 
0.00946665 0.0420527 
0.00842832 0.0426513 
0.00946511 0.0432527 
0.00946228 0.0444502 
0.0105013 0.0438471 
0.0105028 0.0426481 
0.00842382 0.0450489 
0.00945999 0.0456489 
0.00842177 0.0462478 
0.00945871 0.046849 
0.0104965 0.0462447 
0.0104941 0.0474431 
0.00945405 0.0480471 
0.0549302 0.08751 
0.0301263 0.0755713 
0.0311635 0.0749775 
0.0290415 0.110765 
0.0560044 0.059411 
0.0219109 0.0348758 
0.0249158 0.0929145 
0.00426861 0.0462458 
0.0383949 0.0815734 
0.0394276 0.0821543 
0.0270874 0.0342851 
0.0270897 0.0330881 
0.0321791 0.0863445 
0.0270942 0.0295026 
0.0281299 0.0289071 
0.0569763 0.0767579 
0.0507894 0.0910847 
0.00725245 0.116325 
0.050616 0.0970697 
0.0384646 0.0384943 
0.0529466 0.093461 
0.0281358 0.0253233 
0.0455878 0.103613 
0.0466222 0.104361 
0.0508603 0.0504709 
0.014574 0.0821881 
0.0156089 0.0815909 
0.0156143 0.0803928 
0.0156061 0.0827892 
0.0166508 0.0809729 
0.0166571 0.0797631 
0.0156195 0.0791788 
0.0145712 0.0833865 
0.015611 0.083976 
0.0166465 0.083372 
0.0115952 0.0145494 
0.0342124 0.111368 
0.0300766 0.110169 
0.0300757 0.111363 
0.0353632 0.0366948 
0.054897 0.0851232 
0.0561021 0.0846422 
0.0559706 0.0833349 
0.0570171 0.0839106 
0.0280842 0.0588153 
0.0291227 0.0582224 
0.0394432 0.0761784 
0.0569941 0.06717 
0.0569552 0.0647939 
0.0353234 0.0630235 
0.0145806 0.0785931 
0.015619 0.0779683 
0.0084171 0.048646 
0.0280734 0.0647976 
0.0124726 0.0965633 
0.0145917 0.0713943 
0.039496 0.0319166 
0.0146395 0.0462408 
0.0156757 0.0468417 
0.0156736 0.0480394 
0.0167117 0.0474405 
0.0167091 0.0486385 
0.0156713 0.0492368 
0.0177463 0.0480376 
0.016712 0.0462396 
0.0167068 0.0498363 
0.015669 0.0504347 
0.0177423 0.0504339 
0.0146415 0.0450411 
0.0518846 0.0546536 
0.0519275 0.0450851 
0.0529452 0.0457342 
0.0529128 0.0468881 
0.018798 0.0378606 
0.0177625 0.0372599 
0.0477051 0.0821208 
0.0146454 0.0426447 
0.0146476 0.0414488 
0.0156852 0.0408496 
0.0373686 0.0785811 
0.0260605 0.0289032 
0.0146518 0.039054 
0.0426058 0.0361147 
0.041541 0.0546278 
0.0156454 0.0636161 
0.0177157 0.0636131 
0.0466462 0.095855 
0.0466481 0.0946609 
0.0477098 0.0785305 
0.0311008 0.11673 
0.0310794 0.117888 
0.0300483 0.11849 
0.0311842 0.119096 
0.027015 0.0773609 
0.055975 0.0570242 
0.0228334 0.098895 
0.0249059 0.0988981 
0.0291128 0.0630049 
0.0508013 0.0839232 
0.0466964 0.0647931 
0.0466981 0.0635986 
0.0477335 0.0630089 
0.00844556 0.0330597 
0.0570443 0.0791574 
0.0569982 0.0803655 
0.055969 0.0809043 
0.0582476 0.0773436 
0.0571713 0.062373 
0.0518663 0.0642249 
0.0529001 0.0648106 
0.0528998 0.0660174 
0.0518702 0.0630303 
0.0529007 0.0624149 
0.0518623 0.0666126 
0.0518598 0.0678066 
0.0528942 0.0683918 
0.0528937 0.0695993 
0.0518562 0.0701946 
0.0518537 0.0713886 
0.0528883 0.0719733 
0.0528876 0.0731813 
0.05185 0.0737765 
0.0518472 0.0749687 
0.0528839 0.0755545 
0.0176649 0.0923494 
0.0342565 0.0827608 
0.0342608 0.0803691 
0.0518406 0.080937 
0.0528775 0.080335 
0.0539218 0.0809148 
0.0528772 0.0815306 
0.0549526 0.0815094 
0.0394493 0.0725927 
0.0456249 0.0880902 
0.0269708 0.104858 
0.0569774 0.0743303 
0.056979 0.073137 
0.0580012 0.072478 
0.0476778 0.097646 
0.0477232 0.0701697 
0.00103831 0.085 
0.00207813 0.0844 
0.00207827 0.0832002 
0.00311247 0.0838001 
0.00311175 0.0826004 
0.00311731 0.0849998 
0.0041562 0.0844 
0.00207744 0.0820005 
0.00311634 0.0814008 
0.00415629 0.0820007 
0.00415638 0.0808011 
0.00311763 0.0802012 
0.00207462 0.085623 
0.00413201 0.0856893 
0.0436372 0.0343333 
0.0446101 0.0338436 
0.0570027 0.0707509 
0.0569992 0.0695568 
0.0579907 0.0689147 
0.00102803 0.0526193 
0.00207201 0.0532109 
0.00207725 0.0544016 
0.00310456 0.0538219 
0.00311419 0.0550035 
0.00415619 0.0543997 
0.00207765 0.0556009 
0.00311591 0.0562009 
0.0446563 0.0504594 
0.0208875 0.0282964 
0.0177848 0.026497 
0.0445693 0.101821 
0.0445711 0.100627 
0.00103919 0.061 
0.00207829 0.0604 
0.00207835 0.0592002 
0.0031173 0.0598001 
0.00311561 0.0609998 
0.0031162 0.0586004 
0.00415623 0.0592003 
0.00207825 0.0580005 
0.00311578 0.0574006 
0.00207797 0.0568007 
0.00415632 0.0568 
0.00415621 0.0603998 
0.00207831 0.0616 
0.00311549 0.0621995 
0.0020782 0.0627996 
0.00311524 0.0633992 
0.00415651 0.0627991 
0.00207833 0.0639994 
0.00311544 0.0645989 
0.00207872 0.0651991 
0.00311533 0.0657985 
0.00207905 0.0663987 
0.00311558 0.0669982 
0.00415716 0.0651984 
0.00207904 0.0675985 
0.00311826 0.0681979 
0.00415782 0.0675978 
0.00415813 0.0687973 
0.00311615 0.0693976 
0.00104011 0.0669992 
0.00207922 0.0687986 
0.00207988 0.0699985 
0.00311653 0.0705972 
0.00208073 0.0711983 
0.00311691 0.0717969 
0.00415995 0.071196 
0.00208147 0.072398 
0.00311784 0.0729966 
0.00208243 0.0735979 
0.00311834 0.0741963 
0.00416217 0.0735954 
0.0020832 0.0747976 
0.00311929 0.075396 
0.00208416 0.0759974 
0.00311979 0.0765957 
0.00416439 0.0759947 
0.00208499 0.0771972 
0.00312075 0.0777954 
0.00208717 0.0783964 
0.0010457 0.0789989 
0.00311935 0.0789975 
0.00416661 0.078394 
0.00104257 0.0765989 
0.0010416 0.074199 
0.00104071 0.0717992 
0.00103926 0.0633998 
0.00103997 0.0693993 
0.025959 0.0887279 
0.0425171 0.0910714 
0.00838475 0.0654327 
0.0394919 0.0426772 
0.0405253 0.0432763 
0.0405273 0.0420818 
0.0415606 0.0426809 
0.041558 0.0438742 
0.0425937 0.0432796 
0.042589 0.044476 
0.0436284 0.0438864 
0.0446631 0.0444902 
0.0436301 0.0426875 
0.0425859 0.0456795 
0.0415626 0.0414864 
0.040523 0.0444714 
0.0269701 0.114346 
0.0311105 0.110767 
0.0549909 0.0528453 
0.0559589 0.0535069 
0.0549993 0.0516535 
0.0353037 0.0761852 
0.0301884 0.0396798 
0.039398 0.101221 
0.0218934 0.0444474 
0.0497545 0.0916809 
0.0436373 0.0355253 
0.0446639 0.0432864 
0.00845585 0.0282721 
0.0415459 0.0522399 
0.019762 0.0755486 
0.0197685 0.0743576 
0.0228278 0.102485 
0.04673 0.045701 
0.0394939 0.0414827 
0.0291413 0.046254 
0.0539269 0.0618096 
0.0114153 0.107944 
0.037331 0.100024 
0.0383664 0.0994276 
0.0426037 0.0373086 
0.0176688 0.0947525 
0.0395002 0.0378994 
0.00103867 0.095804 
0.00207103 0.0964319 
0.00207055 0.0952062 
0.00103828 0.0946014 
0.00207695 0.0940016 
0.00207246 0.0928008 
0.00311752 0.0934007 
0.00103857 0.0922004 
0.00207191 0.0916008 
0.00103582 0.0910032 
0.00207338 0.0904106 
0.0031147 0.0910768 
0.00311734 0.0946003 
0.0332867 0.0438689 
0.0238744 0.0959049 
0.0249079 0.097701 
0.00841475 0.0498452 
0.0414781 0.0940561 
0.00102506 0.0874121 
0.0281026 0.0480468 
0.0467157 0.0564389 
0.0332669 0.0558487 
0.00839862 0.0582382 
0.00840044 0.0570391 
0.0146288 0.0522311 
0.0445507 0.104208 
0.0146135 0.0606186 
0.0280817 0.0600114 
0.0188145 0.0294884 
0.0146048 0.0654117 
0.0383681 0.098233 
0.0280712 0.0659944 
0.0415645 0.0402919 
0.0218688 0.0588128 
0.0457022 0.0379117 
0.0394063 0.0964415 
0.0176528 0.111431 
0.0186886 0.110816 
0.0415433 0.0534335 
0.0291107 0.0642017 
0.0270824 0.0390739 
0.0114135 0.109142 
0.00947536 0.037254 
0.0146812 0.0246961 
0.025963 0.0863344 
0.0507993 0.085117 
0.00208025 0.0807991 
0.0425209 0.0886821 
0.0321771 0.0875403 
0.0312371 0.0259265 
0.00103915 0.0574003 
0.0207877 0.0821356 
0.013484 0.118622 
0.0145148 0.118015 
0.0145209 0.116832 
0.0155578 0.117398 
0.0487953 0.0468912 
0.0331818 0.108381 
0.0219236 0.0277007 
0.0498306 0.0486798 
0.0425959 0.0420857 
0.00103905 0.0826002 
0.00103889 0.0550004 
0.0228588 0.0833371 
0.00831532 0.100151 
0.0342629 0.0791729 
0.0332657 0.0546454 
0.0352455 0.111966 
0.027017 0.0761639 
0.00727228 0.103145 
0.0249177 0.0917179 
0.0435526 0.0904754 
0.011585 0.0193071 
0.0126186 0.019907 
0.0249015 0.111956 
0.0280585 0.0731742 
0.0146351 0.0486366 
0.043595 0.0641907 
0.0374068 0.0510404 
0.0135176 0.0923713 
0.005194 0.104341 
0.0145788 0.079789 
0.0362924 0.103009 
0.037325 0.104801 
0.0209006 0.0187354 
0.01462 0.0570235 
0.0250359 0.0199362 
0.0198623 0.021718 
0.0269588 0.119113 
0.0404315 0.101818 
0.0394004 0.100025 
0.0197398 0.0887173 
0.0207778 0.0881207 
0.0249486 0.0737672 
0.0250202 0.0318887 
0.0176964 0.0743528 
0.0487913 0.0456887 
0.0404864 0.0671747 
0.0177975 0.0193241 
0.0353355 0.0582478 
0.0270067 0.0821476 
0.0290478 0.107186 
0.0290747 0.0845448 
0.0270961 0.0283077 
0.0363024 0.0958407 
0.0507952 0.0875045 
0.0435605 0.0856971 
0.0228257 0.119122 
0.0197202 0.120911 
0.043589 0.0677746 
0.0280504 0.0779602 
0.0238944 0.0839375 
0.0269963 0.088131 
0.0374341 0.0295214 
0.0353392 0.0522432 
0.0404196 0.10779 
0.0321749 0.0887368 
0.0125997 0.0294763 
0.0466539 0.0910786 
0.0445837 0.0922697 
0.0124705 0.0977613 
0.03638 0.0480486 
0.0446634 0.0420883 
0.0219001 0.0408582 
0.0425833 0.0516475 
0.0269858 0.0941152 
0.0311327 0.0917303 
0.036281 0.110176 
0.0414676 0.101221 
0.038444 0.050442 
0.0435417 0.0976413 
0.0290595 0.0929229 
0.030176 0.0468539 
0.0518235 0.0892949 
0.0146537 0.0378562 
0.00726475 0.107938 
0.021905 0.038466 
0.0208681 0.0390618 
0.0456037 0.101225 
0.0104039 0.0929649 
0.0218055 0.0935081 
0.0435451 0.0952534 
0.0249037 0.100095 
0.00414329 0.119285 
0.00417322 0.0893837 
0.047683 0.0940655 
0.0476797 0.0964526 
0.0312184 0.0426703 
0.0425707 0.0576166 
0.0218173 0.0863276 
0.023863 0.116136 
0.0518306 0.0869083 
0.0135024 0.100759 
0.0487845 0.0552645 
0.0518343 0.0845213 
0.0186886 0.117924 
0.026055 0.0324884 
0.0425768 0.0540327 
0.0539171 0.0773152 
0.0342544 0.0839565 
0.0291564 0.0366861 
0.0362864 0.106594 
0.039473 0.0570167 
0.0114105 0.121015 
0.0115727 0.0252875 
0.014633 0.0498343 
0.0332138 0.0869439 
0.043597 0.0629961 
0.0301902 0.0372853 
0.0353628 0.0319038 
0.0467262 0.0492913 
0.0425629 0.0623963 
0.0342167 0.107785 
0.0383453 0.110184 
0.0322294 0.0588376 
0.0228488 0.0893212 
0.0114232 0.103152 
0.0146179 0.0582215 
0.0249942 0.0486394 
0.0353157 0.0678139 
0.037419 0.0450628 
0.0207523 0.104875 
0.0446246 0.0671788 
0.0373396 0.0940502 
0.0135154 0.09357 
0.0259383 0.101887 
0.0280336 0.0875341 
0.0259451 0.097104 
0.0343065 0.0492393 
0.0259381 0.110165 
0.0394566 0.0641842 
0.0207645 0.0964984 
0.0229573 0.0282999 
0.025942 0.0994957 
0.03634 0.0755895 
0.0436063 0.0570208 
0.0187375 0.0701826 
0.0280483 0.079157 
0.0239072 0.0767566 
0.0425668 0.0600066 
0.0404896 0.0683715 
0.0333033 0.0259318 
0.0291648 0.0283112 
0.0467302 0.0432851 
0.01769 0.0779427 
0.0197294 0.0994898 
0.0322344 0.0504317 
0.00521717 0.0863829 
0.0311487 0.0833528 
0.0352654 0.0976312 
0.0166347 0.0881146 
0.0249906 0.0510324 
0.0114466 0.0899698 
0.0352888 0.0845562 
0.0342184 0.10659 
0.0301903 0.0384844 
0.00103916 0.0586002 
0.0312386 0.0247333 
0.0321595 0.101811 
0.0135089 0.097164 
0.0249517 0.0725719 
0.0228529 0.0869277 
0.0197466 0.0851269 
0.0394126 0.0916642 
0.0104013 0.0941632 
0.00935822 0.0971572 
0.0280038 0.116137 
0.0353058 0.0749897 
0.0342282 0.0994219 
0.0281377 0.0241286 
0.0300739 0.113751 
0.0374158 0.0474528 
0.00830931 0.103746 
0.0446613 0.0480918 
0.00434173 0.0162992 
0.018689 0.102481 
0.0187854 0.0438437 
0.0281135 0.0420669 
0.00935215 0.100752 
0.0105139 0.0342567 
0.0145518 0.0941711 
0.0187822 0.0474354 
0.0425069 0.0982366 
0.0249981 0.0462469 
0.0280299 0.0899263 
0.0291632 0.0295064 
0.0219145 0.0324809 
0.01157 0.0264838 
0.0229305 0.0438508 
0.00830743 0.104944 
0.00533129 0.0336565 
0.0136229 0.0348619 
0.00519987 0.100744 
0.00726313 0.109137 
0.0353609 0.0330977 
0.0249001 0.102487 
0.043601 0.0606068 
0.0333026 0.0271244 
0.00312451 0.103139 
0.0362793 0.111371 
0.0229551 0.0294948 
0.0322577 0.0384838 
0.0238964 0.0827406 
0.0115466 0.0372532 
0.0446207 0.069568 
0.0384412 0.0516405 
0.0280278 0.0911229 
0.0383501 0.108985 
0.0156985 0.0336696 
0.0207596 0.115536 
0.0384262 0.0635917 
0.0466422 0.0982426 
0.0197192 0.122106 
0.0156771 0.0456421 
0.0218075 0.0923113 
0.00847219 0.0222904 
0.0094944 0.0276762 
0.0332914 0.039083 
0.0218025 0.108973 
0.00311671 0.112707 
0.0136568 0.0181158 
0.00622269 0.110932 
0.0177906 0.0229088 
0.00519004 0.113924 
0.0280159 0.107788 
0.0312312 0.0295091 
0.00415647 0.121624 
0.0187398 0.0689852 
0.0311097 0.111961 
0.0248986 0.11554 
0.00104891 0.0502215 
0.00637535 0.0306627 
0.0176572 0.114939 
0.0157065 0.0300806 
0.0353547 0.0450665 
0.0332923 0.0402832 
0.00742801 0.0252781 
0.0248984 0.103683 
0.0218135 0.0887211 
0.00324419 0.027619 
0.043585 0.0701641 
0.0362886 0.105398 
0.0363077 0.0946461 
0.0208706 0.0378659 
0.002078 0.122802 
0.0394159 0.0904705 
0.0352931 0.0821652 
0.0114489 0.0887729 
0.0312299 0.0307047 
0.0145566 0.0917758 
0.0353682 0.0271296 
0.0363448 0.0731989 
0.0176547 0.118523 
0.0249027 0.110762 
0.0353586 0.0402812 
0.0197342 0.0958999 
0.0270744 0.0438587 
0.00520497 0.0995508 
0.0114212 0.10435 
0.0228611 0.0821398 
0.0281112 0.0432626 
0.0374085 0.0522451 
0.0136372 0.0288803 
0.0342301 0.0982269 
0.0363925 0.0408803 
0.0187833 0.0450406 
0.00322081 0.0192385 
0.0207607 0.114342 
0.0114102 0.123405 
0.0177074 0.068391 
0.038359 0.104205 
0.03531 0.0725984 
0.0093321 0.112735 
0.015687 0.0396521 
0.0332975 0.0307066 
0.0157039 0.0312766 
0.0425975 0.0408908 
0.00534033 0.0240672 
0.00935421 0.0995537 
0.0425087 0.0970426 
0.0103745 0.10974 
0.0352951 0.0809694 
0.0115931 0.0157253 
0.0239617 0.0468435 
0.0446171 0.071957 
0.0343289 0.0360944 
0.0343288 0.0324993 
0.0260397 0.0432588 
0.0395022 0.0367048 
0.0383897 0.0898876 
0.0146632 0.0330687 
0.010414 0.0881745 
0.0208652 0.0402579 
0.0010396 0.0657994 
0.0300748 0.112557 
0.00936832 0.0935627 
0.00428948 0.0342528 
0.0229284 0.0450473 
0.0393933 0.10361 
0.0363921 0.036089 
0.0105382 0.0246874 
0.0383559 0.105402 
0.0207719 0.0917113 
0.00744744 0.0181034 
0.0435811 0.0725537 
0.0218154 0.0875243 
0.0219213 0.0288955 
0.0177477 0.0456387 
0.0507898 0.0898904 
0.0363484 0.0708073 
0.0239801 0.0348765 
0.0136547 0.0193113 
0.0219309 0.0217217 
0.00104262 0.0801982 
0.0353141 0.0702068 
0.00533896 0.0300616 
0.00831834 0.0989533 
0.0425105 0.0958488 
0.0446135 0.0743459 
0.0290407 0.111959 
0.0197385 0.0923111 
0.0136511 0.021704 
0.030114 0.0827523 
0.0352672 0.0964362 
0.0435773 0.0749432 
0.00727049 0.104344 
0.0229266 0.0462436 
0.0219302 0.0229176 
0.0238663 0.112553 
0.00622451 0.109734 
0.0239796 0.0360776 
0.00933407 0.111537 
0.0105569 0.0163175 
0.0404282 0.103014 
0.00832321 0.0977555 
0.035277 0.0952483 
0.0446097 0.0767351 
0.00214738 0.0509855 
0.0311529 0.0809603 
0.0280058 0.112555 
0.040443 0.0946511 
0.0435734 0.0773327 
0.0126167 0.0211034 
0.0228311 0.111955 
0.00532679 0.0360539 
0.0414769 0.0952499 
0.020885 0.0294912 
0.0207798 0.0869239 
0.010375 0.122808 
0.0301176 0.0803593 
0.00623149 0.104941 
0.0476908 0.0892895 
0.00429967 0.0306587 
0.044606 0.0791242 
0.0435695 0.0797221 
0.046658 0.0886898 
0.026048 0.038474 
0.0105356 0.0258835 
0.0228655 0.0797456 
0.00532493 0.0372523 
0.0198485 0.0300871 
0.0446022 0.0815131 
0.0239009 0.0803466 
0.0395025 0.0343128 
0.0176796 0.0851279 
0.00933989 0.123404 
0.0435662 0.0821113 
0.00519288 0.105539 
0.0239052 0.077953 
0.0198329 0.0384613 
0.0394044 0.0976361 
0.00518786 0.109133 
0.0217959 0.113746 
0.0197441 0.0863235 
0.0269691 0.11554 
0.00323494 0.0312391 
0.00428477 0.0378511 
0.0476951 0.0869018 
0.00830306 0.122807 
0.021834 0.0767509 
0.0476969 0.0857073 
0.00415623 0.109728 
0.00415509 0.104938 
0.0466632 0.0851072 
0.0239982 0.0229203 
0.0549502 0.0827208 
0.00848149 0.018703 
0.0198466 0.0312831 
0.0208021 0.0749562 
0.01871 0.0857239 
0.00532014 0.0396505 
0.0188009 0.0366652 
0.00949775 0.0264798 
0.0311581 0.0785681 
0.0146691 0.0306759 
0.00312601 0.104334 
0.021836 0.0755553 
0.0321962 0.0767756 
0.033296 0.0319013 
0.0311615 0.0761737 
0.00531845 0.0408488 
0.02396 0.0480401 
0.0177663 0.0360652 
0.0136345 0.0300757 
0.0322004 0.0743834 
0.0072716 0.1246 
0.00427757 0.0414489 
0.0311656 0.0737812 
0.0239965 0.0253125 
0.00845989 0.0270758 
0.0228698 0.0773519 
0.0322047 0.0719915 
0.0208786 0.0330785 
0.0311697 0.0713886 
0.00531337 0.0432473 
0.00847885 0.0198985 
0.00623062 0.124001 
0.0188317 0.016363 
0.0207612 0.113148 
0.0167284 0.0366612 
0.034327 0.033694 
0.0239562 0.0504331 
0.00419099 0.0532892 
0.00531224 0.0444452 
0.0239579 0.0492368 
0.00742393 0.0264743 
0.0249882 0.0522296 
0.034326 0.0348884 
0.016726 0.0378569 
0.00427082 0.0450465 
0.0239516 0.0528281 
0.0125963 0.0306717 
0.0197346 0.112557 
0.0322092 0.0695995 
0.0115581 0.0312684 
0.0249847 0.0546229 
0.00530776 0.0468431 
0.0311733 0.0689959 
0.00744209 0.0204952 
0.0239475 0.0552219 
0.0322153 0.0672093 
0.00530541 0.0480423 
0.0156888 0.038455 
0.0105235 0.0306685 
0.0311771 0.0666019 
0.00527404 0.0539907 
0.02498 0.0570165 
0.0042633 0.048645 
0.00519923 0.125792 
0.032219 0.0648158 
0.0322192 0.0636173 
0.0239434 0.0576155 
0.00530261 0.0504387 
0.0239979 0.0241163 
0.0074389 0.0216907 
0.00948469 0.0312644 
0.0311847 0.0630127 
0.00531227 0.0516181 
0.016722 0.0402502 
0.0281254 0.0324901 
0.00415768 0.125196 
0.036393 0.0420748 
0.00948309 0.0324602 
0.0580082 0.0712893 
0.00638881 0.0246747 
0.0322233 0.0612258 
0.0477034 0.0833181 
0.0353561 0.0426729 
0.0167199 0.0414468 
0.0311897 0.0606216 
0.0487394 0.0815286 
0.0353552 0.0438689 
0.0487414 0.0803346 
0.0301536 0.0588206 
0.0477054 0.0797294 
0.0249768 0.0594097 
0.00415124 0.0555993 
0.00948034 0.033658 
0.0156823 0.0420456 
0.0487469 0.0779473 
0.0280933 0.0552368 
0.0487485 0.0767536 
0.047713 0.0761474 
0.0156803 0.0432415 
0.0487503 0.0743631 
0.0477172 0.0737595 
0.0487544 0.0719749 
0.00640107 0.0222875 
0.0249743 0.0606067 
0.00947855 0.0348551 
0.0477185 0.071369 
0.0156783 0.0444399 
0.0487604 0.0695875 
0.0487599 0.0683904 
0.0477267 0.0677857 
0.0487653 0.0660039 
0.0487656 0.0648077 
0.00208448 0.0795963 
0.0477323 0.0642027 
0.0094762 0.036055 
0.0487695 0.0624203 
0.0249701 0.0630004 
0.00529297 0.0564338 
0.0477361 0.0618151 
0.0239376 0.0612065 
0.0487731 0.060031 
0.0477405 0.0594251 
0.0312274 0.0342925 
0.036387 0.0456603 
0.0249657 0.0653943 
0.0239335 0.0636009 
0.0363851 0.0468543 
0.0249612 0.0677882 
0.0467393 0.0385202 
0.0239244 0.0683895 
0.023929 0.0659952 
0.0405268 0.0468809 
0.0249566 0.0701816 
0.047752 0.0558522 
0.017747 0.0468382 
0.0415605 0.0486766 
0.0487805 0.0576458 
0.0041494 0.0580007 
0.02392 0.0707817 
0.0467336 0.0397114 
0.0353482 0.0474528 
0.0105105 0.0378544 
0.0116058 0.0132695 
0.0239176 0.0719759 
0.0477568 0.0522732 
0.0477599 0.0510799 
0.0343117 0.0480495 
0.0415561 0.0450772 
0.0187808 0.0486334 
0.0115459 0.0396487 
0.0332756 0.0486456 
0.0177435 0.0492349 
0.00648688 0.0114845 
0.011543 0.0408468 
0.00529039 0.058832 
0.018777 0.0510282 
0.0580579 0.0606433 
0.0105041 0.0414498 
0.0322396 0.0492419 
0.0301657 0.0504352 
0.0115378 0.0432442 
0.0177397 0.0516306 
0.0456964 0.0438875 
0.018773 0.0534232 
0.0301637 0.0516278 
0.0115344 0.0444429 
0.00528922 0.0600311 
0.0177359 0.0540267 
0.0104981 0.0450458 
0.0456831 0.0546462 
0.00425372 0.0233939 
0.0280897 0.052824 
0.0312035 0.0498386 
0.0187686 0.0558185 
0.0187652 0.0570168 
0.0115313 0.0468388 
0.017729 0.0576201 
0.00536834 0.0228811 
0.0115267 0.0480397 
0.00415616 0.0616195 
0.0291279 0.052227 
0.0311914 0.059427 
0.0187597 0.0594143 
0.0104904 0.0486426 
0.0228801 0.0725736 
0.0363476 0.067206 
0.0115246 0.0504344 
0.021845 0.073172 
0.01152 0.0516351 
0.0177234 0.060018 
0.0187551 0.0618103 
0.0104834 0.0522395 
0.0177188 0.0624144 
0.0301634 0.0576322 
0.0115152 0.0540324 
0.00528703 0.0624292 
0.0187508 0.0642059 
0.0291291 0.0570322 
0.0104782 0.0546373 
0.0280921 0.0564303 
0.0115107 0.0564296 
0.017715 0.0648105 
0.0104741 0.0570345 
0.0155467 0.123391 
0.0187488 0.0665977 
0.0155513 0.12219 
0.0156345 0.0684002 
0.0115096 0.0588232 
0.0145939 0.0701975 
0.00415445 0.0640187 
0.0115044 0.0600247 
0.016615 0.121527 
0.0384594 0.0325091 
0.0156284 0.0719853 
0.0104677 0.060631 
0.0155602 0.119769 
0.0114996 0.0624224 
0.0416444 0.111654 
0.0104624 0.063029 
0.020809 0.0737661 
0.0114952 0.0648197 
0.0104585 0.0654263 
0.0166118 0.11794 
0.00528502 0.0648275 
0.00417246 0.0977508 
0.0155534 0.116214 
0.0114902 0.0684136 
0.0114929 0.0672149 
0.0155564 0.115017 
0.0104521 0.069023 
0.0114838 0.0708129 
0.0104466 0.0714212 
0.0197741 0.0731671 
0.0166115 0.114365 
0.0114794 0.0732102 
0.0187346 0.0737606 
0.0104419 0.073819 
0.0177007 0.073164 
0.0114749 0.0756074 
0.00415284 0.0664179 
0.0104376 0.0762166 
0.0114704 0.0780045 
0.0498281 0.0474825 
0.0508594 0.0492735 
0.0104337 0.0786142 
0.0518915 0.0510593 
0.0477476 0.0570414 
0.0518864 0.0522603 
0.0508521 0.05287 
0.0529161 0.0552392 
0.0529101 0.0564384 
0.0518777 0.0570457 
0.051872 0.0606204 
0.0529106 0.0588171 
0.0114734 0.0803935 
0.0549462 0.0803045 
0.055944 0.0821372 
0.0467182 0.0552498 
0.0518425 0.0785276 
0.0114593 0.083998 
0.0529032 0.0636116 
0.0114649 0.0815993 
0.0539381 0.0665752 
0.0539337 0.0653924 
0.0104225 0.0846088 
0.0177116 0.0671992 
0.0528974 0.0671969 
0.0539333 0.0630029 
0.0539327 0.0701557 
0.0539273 0.0737363 
0.0528859 0.0743595 
0.005283 0.0672257 
0.0528916 0.0707784 
0.0539186 0.0761302 
0.0539282 0.0689731 
0.0114592 0.0863889 
0.0539226 0.072554 
0.0104273 0.0822099 
0.0166725 0.0678 
0.0072971 0.0888048 
0.019733 0.111381 
0.00833219 0.0905834 
0.0186669 0.109649 
0.0467289 0.0504734 
0.0156307 0.0695936 
0.00729451 0.0911942 
0.00833625 0.0929675 
0.00729721 0.0971573 
0.00726187 0.119849 
0.045696 0.0498741 
0.00728968 0.0947768 
0.0446639 0.049276 
0.00729544 0.0959649 
0.00527246 0.0684053 
0.0436275 0.0498697 
0.0487755 0.040905 
0.0384438 0.0540355 
0.0363686 0.0552537 
0.0425914 0.0504637 
0.0384396 0.0576262 
0.0394674 0.0594194 
0.0103739 0.118052 
0.0384357 0.06003 
0.0227608 0.0164201 
0.0249045 0.107207 
0.041558 0.0498641 
0.0394672 0.0618068 
0.00415062 0.0700162 
0.0405241 0.0480714 
0.0363467 0.0648023 
0.0114234 0.116238 
0.0300822 0.105416 
0.0124619 0.114444 
0.0311308 0.103606 
0.00203191 0.127586 
0.0311276 0.102422 
0.0290515 0.100082 
0.0394399 0.0785612 
0.00526994 0.0708044 
0.0394557 0.0689853 
0.0404822 0.0767442 
0.0404792 0.0779399 
0.0394471 0.074975 
0.0404905 0.0743476 
0.0404875 0.0731599 
0.0394533 0.071388 
0.040487 0.0707727 
0.0311319 0.0988431 
0.0363194 0.0899169 
0.0166259 0.125071 
0.0300805 0.0970988 
0.0134972 0.112653 
0.0156132 0.0755679 
0.0145794 0.0761823 
0.039423 0.0881006 
0.0394348 0.080953 
0.0394317 0.0833422 
0.040466 0.0827277 
0.0404697 0.0803378 
0.0404769 0.0862897 
0.0404691 0.0851087 
0.0166678 0.0737562 
0.0352847 0.0940577 
0.034371 0.0231649 
0.0145364 0.110859 
0.0352729 0.0928802 
0.016655 0.0785581 
0.0176897 0.0803479 
0.017681 0.0815551 
0.0166462 0.0821718 
0.0176824 0.0839435 
0.0155755 0.109066 
0.00414978 0.0724154 
0.0166114 0.106111 
0.0145567 0.0893424 
0.0145554 0.0857737 
0.0156053 0.0875216 
0.0176462 0.105491 
0.0155583 0.103152 
0.058775 0.0753613 
0.0588721 0.0659076 
0.0586514 0.0635594 
0.0580835 0.0799205 
0.0570721 0.0554676 
0.0579439 0.0810902 
0.0565702 0.0867154 
0.0522045 0.0975748 
0.0577421 0.0578636 
0.0531814 0.0955084 
0.0541898 0.0934034 
0.0508481 0.0995563 
0.0549074 0.091058 
0.0477905 0.104577 
0.0491274 0.10265 
0.0546092 0.047691 
0.0470191 0.0344032 
0.0447878 0.108344 
0.0432903 0.110053 
0.0456959 0.0325741 
0.016793 0.126344 
0.0156169 0.0131394 
0.0110947 0.127956 
0.0122259 0.0122937 
0.00995709 0.0118109 
0.0166106 0.0965616 
0.00882592 0.128303 
0.018697 0.0989045 
0.017656 0.101903 
0.0187135 0.095303 
0.0166048 0.100156 
0.0187185 0.0941015 
0.0187031 0.0929286 
0.00408487 0.0110954 
0.00526839 0.0732028 
0.00312501 0.126979 
0.0374429 0.0258477 
0.0440654 0.0308647 
0.0518718 0.0594267 
0.035315 0.0654117 
0.0374093 0.0546429 
0.00414901 0.0748147 
0.00414529 0.0796237 
0.00526805 0.0804161 
0.0104213 0.0869925 
0.00525733 0.0815968 
0.00526685 0.0756011 
0.00938913 0.0875937 
0.00834396 0.088194 
0.00414414 0.0832262 
0.0384326 0.0624099 
0.0373931 0.0630088 
0.0363532 0.0636093 
0.00415312 0.0772217 
0.00524839 0.0839876 
0.00103481 0.0982395 
0.00728849 0.0935829 
0.0528797 0.0767335 
0.0518453 0.077339 
0.00206899 0.0868494 
0.00104573 0.0994607 
0.00526552 0.0779998 
0.00210061 0.100125 
0.00102205 0.0886339 
0.00625453 0.09777 
0.00102618 0.101838 
0.00521232 0.0983624 
0.0589799 0.068267 
0.00416256 0.0965366 
0.0156138 0.0743717 
0.00103308 0.103045 
0.00103706 0.10546 
0.00208342 0.103707 
0.00417999 0.0905685 
0.00311557 0.0922506 
0.00103272 0.111453 
0.00314186 0.107922 
0.00421618 0.0930052 
0.00313007 0.109106 
0.0256026 0.123206 
0.00420534 0.0941868 
0.00415968 0.114501 
0.00312946 0.116295 
0.003089 0.0958204 
0.00207238 0.118053 
0.0166451 0.0845481 
0.0156026 0.0851565 
0.0394172 0.0869176 
0.0145552 0.0881439 
0.0383923 0.0887056 
0.0373542 0.0893127 
0.0363082 0.091095 
0.0176623 0.0959357 
0.048728 0.0397447 
0.0176667 0.0995257 
0.0352731 0.0917026 
0.0342458 0.0946704 
0.0332154 0.0952751 
0.0321769 0.0958708 
0.0311356 0.096476 
0.0166178 0.102523 
0.0300905 0.0994634 
0.0145006 0.0127906 
0.0300823 0.104234 
0.0280326 0.106624 
0.0290618 0.106026 
0.0166006 0.107298 
0.0259165 0.105435 
0.026976 0.106029 
0.0155511 0.107905 
0.0145183 0.109693 
0.0134869 0.111484 
0.0248875 0.106034 
0.0238764 0.107802 
0.0218204 0.107818 
0.02284 0.107227 
0.0124315 0.113285 
0.0207846 0.108413 
0.0113992 0.115076 
0.0197335 0.109018 
0.0103697 0.116868 
0.00933103 0.118651 
0.00826815 0.118074 
0.0072406 0.118676 
0.0166119 0.1132 
0.00621967 0.120444 
0.0187159 0.111996 
0.0176638 0.112594 
0.00518384 0.119869 
0.00415736 0.120453 
0.0155628 0.118576 
0.0538654 0.0485071 
0.00207662 0.119245 
0.00311397 0.119854 
0.0382941 0.114846 
0.00339068 0.0121242 
0.00104148 0.11264 
0.00313216 0.113873 
0.00208179 0.113262 
0.00846868 0.0128119 
0.0156553 0.125732 
0.0010453 0.106643 
0.00208778 0.107277 
0.00637039 0.128629 
0.049869 0.0402021 
0.029734 0.018902 
0.000967258 0.128164 
0.0280325 0.0195265 
0.0306427 0.0195417 
0.042572 0.029154 
0.0199799 0.125553 
0.0579677 0.0677402 
0.0457712 0.0344331 
0.0589875 0.0694649 
0.0114117 0.126898 
0.0580012 0.0701037 
0.0277101 0.0176724 
0.0314016 0.0212616 
0.00204879 0.089277 
0.00310152 0.0899106 
0.0199937 0.0145234 
0.0569291 0.0816129 
0.0188524 0.0152068 
0.00106104 0.0322864 
0.0590183 0.0718045 
0.0559338 0.0509834 
0.0374675 0.0243748 
0.0579412 0.0665549 
0.00107291 0.0467027 
0.00108558 0.0431196 
0.00421653 0.052177 
0.00108386 0.0395113 
0.00108556 0.0359107 
0.00204941 0.0521003 
0.00311095 0.0527022 
0.0435771 0.108189 
0.0498526 0.0382864 
0.0560358 0.0890577 
0.0267006 0.0173678 
0.0325941 0.0207879 
0.0486147 0.101697 
0.0392979 0.0257144 
0.00316622 0.0215414 
0.00211762 0.0197473 
0.0538016 0.0915907 
0.00108365 0.0179158 
0.0589306 0.0730304 
0.0287915 0.121516 
0.0578995 0.0653624 
0.0558164 0.085843 
0.0568982 0.0587344 
0.0505126 0.100747 
0.0558906 0.0546616 
0.0464817 0.106462 
0.00810958 0.127482 
0.0528369 0.0433752 
0.0299814 0.119607 
0.0268166 0.121494 
0.0221599 0.124821 
0.0248655 0.017762 
0.0381574 0.11376 
0.0334217 0.0225079 
0.0517318 0.0414386 
0.0505871 0.0982472 
0.0569051 0.0828557 
0.0578929 0.0737092 
0.00547132 0.0122711 
0.0515686 0.096687 
0.0318005 0.119963 
0.0103283 0.0128392 
0.0266602 0.12266 
0.0135959 0.0134713 
0.0526744 0.09462 
0.0446703 0.032789 
0.0414746 0.110575 
0.0190789 0.126094 
0.0578418 0.0641893 
0.0474589 0.103616 
0.0247132 0.122583 
0.0298421 0.120946 
0.0578142 0.0749283 
0.0345289 0.0221195 
0.0320325 0.118251 
0.00301103 0.129146 
0.0144297 0.127391 
0.0486479 0.0362557 
0.0245458 0.0160322 
0.0538837 0.045451 
0.0178159 0.0136843 
0.0423401 0.0301139 
0.0578831 0.0615496 
0.055484 0.0497203 
0.0536749 0.0474736 
0.0567777 0.0575294 
0.0337679 0.118682 
0.0393773 0.0273831 
0.02371 0.123139 
0.0423187 0.109948 
0.0578222 0.0631342 
0.0235123 0.0156287 
0.0353276 0.0237604 
0.0578336 0.0760872 
0.00763592 0.0112438 
0.0103948 0.127308 
0.0556383 0.0869145 
0.0237057 0.124176 
0.0577186 0.0832773 
0.000858666 0.129131 
0.044381 0.107495 
0.0572539 0.0848145 
0.0536894 0.0925965 
0.0465705 0.0352269 
0.0340163 0.117017 
0.0568543 0.0531401 
0.0175346 0.125419 
0.00530042 0.12908 
0.00151292 0.0121254 
0.00225924 0.0116981 
0.05456 0.0898962 
0.049526 0.0392086 
0.0389626 0.113202 
0.0582683 0.0597734 
0.00928589 0.012471 
0.00202656 0.010824 
0.00454735 0.0118933 
0.0217838 0.0160807 
0.0363039 0.0232785 
0.0126565 0.0130718 
0.0509776 0.0399571 
0.0586408 0.0613019 
0.0169957 0.0143007 
0.0462191 0.105405 
0.0216115 0.124145 
0.0455024 0.0334849 
0.000672263 0.010802 
0.0513031 0.0976891 
0.0134616 0.127842 
0.0070566 0.127814 
0.0356602 0.117349 
0.00071561 0.011808 
0.0566086 0.0564284 
