102 193 195 
193 194 195 
193 115 194 
195 194 117 
115 196 194 
196 197 194 
196 116 197 
194 197 117 
115 198 196 
198 199 196 
198 111 199 
196 199 116 
117 197 201 
197 200 201 
197 116 200 
201 200 33 
103 202 204 
202 203 204 
202 118 203 
204 203 120 
118 205 203 
205 206 203 
205 119 206 
203 206 120 
118 207 205 
207 208 205 
207 104 208 
205 208 119 
120 206 210 
206 209 210 
206 119 209 
210 209 97 
106 211 213 
211 212 213 
211 121 212 
213 212 123 
121 214 212 
214 215 212 
214 122 215 
212 215 123 
121 216 214 
216 217 214 
216 110 217 
214 217 122 
123 215 219 
215 218 219 
215 122 218 
219 218 76 
104 220 208 
220 221 208 
220 124 221 
208 221 119 
124 222 221 
222 223 221 
222 125 223 
221 223 119 
124 224 222 
224 225 222 
224 105 225 
222 225 125 
119 223 209 
223 226 209 
223 125 226 
209 226 97 
37 38 228 
38 227 228 
38 39 227 
228 227 126 
39 229 227 
229 230 227 
229 42 230 
227 230 126 
39 40 229 
40 41 229 
40 1 41 
229 41 42 
126 230 231 
230 43 231 
230 42 43 
231 43 44 
37 232 36 
232 233 36 
232 127 233 
36 233 35 
127 234 233 
234 235 233 
234 117 235 
233 235 35 
127 236 234 
236 195 234 
236 102 195 
234 195 117 
35 235 34 
235 201 34 
235 117 201 
34 201 33 
100 237 239 
237 238 239 
237 128 238 
239 238 129 
128 240 238 
240 241 238 
240 121 241 
238 241 129 
128 242 240 
242 216 240 
242 110 216 
240 216 121 
129 241 243 
241 211 243 
241 121 211 
243 211 106 
44 244 231 
244 245 231 
244 130 245 
231 245 126 
130 246 245 
246 247 245 
246 127 247 
245 247 126 
130 248 246 
248 236 246 
248 102 236 
246 236 127 
126 247 228 
247 232 228 
247 127 232 
228 232 37 
13 249 12 
249 250 12 
249 131 250 
12 250 11 
131 251 250 
251 252 250 
251 132 252 
250 252 11 
131 253 251 
253 254 251 
253 101 254 
251 254 132 
11 252 10 
252 255 10 
252 132 255 
10 255 9 
99 256 258 
256 257 258 
256 133 257 
258 257 134 
133 259 257 
259 260 257 
259 124 260 
257 260 134 
133 261 259 
261 224 259 
261 105 224 
259 224 124 
134 260 262 
260 220 262 
260 124 220 
262 220 104 
99 263 256 
263 264 256 
263 135 264 
256 264 133 
135 265 264 
265 266 264 
265 136 266 
264 266 133 
135 267 265 
267 268 265 
267 107 268 
265 268 136 
133 266 261 
266 269 261 
266 136 269 
261 269 105 
33 200 271 
200 270 271 
200 116 270 
271 270 138 
116 272 270 
272 273 270 
272 137 273 
270 273 138 
116 199 272 
199 274 272 
199 111 274 
272 274 137 
138 273 276 
273 275 276 
273 137 275 
276 275 99 
48 277 47 
277 278 47 
277 139 278 
47 278 46 
139 279 278 
279 280 278 
279 130 280 
278 280 46 
139 281 279 
281 248 279 
281 102 248 
279 248 130 
46 280 45 
280 244 45 
280 130 244 
45 244 44 
98 282 284 
282 283 284 
282 140 283 
284 283 141 
140 285 283 
285 286 283 
285 139 286 
283 286 141 
140 287 285 
287 281 285 
287 102 281 
285 281 139 
141 286 288 
286 277 288 
286 139 277 
288 277 48 
60 289 59 
289 290 59 
289 142 290 
59 290 58 
142 291 290 
291 292 290 
291 143 292 
290 292 58 
142 293 291 
293 294 291 
293 109 294 
291 294 143 
58 292 57 
292 295 57 
292 143 295 
57 295 56 
56 295 55 
295 296 55 
295 143 296 
55 296 54 
143 297 296 
297 298 296 
297 144 298 
296 298 54 
143 294 297 
294 299 297 
294 109 299 
297 299 144 
54 298 53 
298 300 53 
298 144 300 
53 300 52 
101 301 254 
301 302 254 
301 145 302 
254 302 132 
145 303 302 
303 304 302 
303 146 304 
302 304 132 
145 305 303 
305 306 303 
305 108 306 
303 306 146 
132 304 255 
304 307 255 
304 146 307 
255 307 9 
96 308 310 
308 309 310 
308 147 309 
310 309 148 
147 311 309 
311 312 309 
311 142 312 
309 312 148 
147 313 311 
313 293 311 
313 109 293 
311 293 142 
148 312 314 
312 289 314 
312 142 289 
314 289 60 
52 300 316 
300 315 316 
300 144 315 
316 315 150 
144 317 315 
317 318 315 
317 149 318 
315 318 150 
144 299 317 
299 319 317 
299 109 319 
317 319 149 
150 318 321 
318 320 321 
318 149 320 
321 320 98 
0 2 95 
2 322 95 
2 3 322 
95 322 94 
3 323 322 
323 324 322 
323 151 324 
322 324 94 
3 4 323 
4 325 323 
4 5 325 
323 325 151 
94 324 93 
324 326 93 
324 151 326 
93 326 92 
9 307 8 
307 327 8 
307 146 327 
8 327 7 
146 328 327 
328 329 327 
328 152 329 
327 329 7 
146 306 328 
306 330 328 
306 108 330 
328 330 152 
7 329 6 
329 331 6 
329 152 331 
6 331 5 
108 332 330 
332 333 330 
332 153 333 
330 333 152 
153 334 333 
334 335 333 
334 154 335 
333 335 152 
153 336 334 
336 337 334 
336 113 337 
334 337 154 
152 335 331 
335 338 331 
335 154 338 
331 338 5 
5 338 325 
338 339 325 
338 154 339 
325 339 151 
154 340 339 
340 341 339 
340 155 341 
339 341 151 
154 337 340 
337 342 340 
337 113 342 
340 342 155 
151 341 326 
341 343 326 
341 155 343 
326 343 92 
98 320 345 
320 344 345 
320 149 344 
345 344 157 
149 346 344 
346 347 344 
346 156 347 
344 347 157 
149 319 346 
319 348 346 
319 109 348 
346 348 156 
157 347 350 
347 349 350 
347 156 349 
350 349 107 
76 218 75 
218 351 75 
218 122 351 
75 351 74 
122 352 351 
352 353 351 
352 158 353 
351 353 74 
122 217 352 
217 354 352 
217 110 354 
352 354 158 
74 353 73 
353 355 73 
353 158 355 
73 355 72 
107 356 350 
356 357 350 
356 159 357 
350 357 157 
159 358 357 
358 359 357 
358 160 359 
357 359 157 
159 360 358 
360 361 358 
360 111 361 
358 361 160 
157 359 345 
359 362 345 
359 160 362 
345 362 98 
13 363 249 
363 364 249 
363 161 364 
249 364 131 
161 365 364 
365 366 364 
365 162 366 
364 366 131 
161 367 365 
367 368 365 
367 114 368 
365 368 162 
131 366 253 
366 369 253 
366 162 369 
253 369 101 
25 370 372 
370 371 372 
370 163 371 
372 371 164 
163 373 371 
373 374 371 
373 118 374 
371 374 164 
163 375 373 
375 207 373 
375 104 207 
373 207 118 
164 374 376 
374 202 376 
374 118 202 
376 202 103 
21 377 379 
377 378 379 
377 165 378 
379 378 167 
165 380 378 
380 381 378 
380 166 381 
378 381 167 
165 382 380 
382 383 380 
382 103 383 
380 383 166 
167 381 385 
381 384 385 
381 166 384 
385 384 100 
97 386 210 
386 387 210 
386 168 387 
210 387 120 
168 388 387 
388 389 387 
388 169 389 
387 389 120 
168 390 388 
390 391 388 
390 110 391 
388 391 169 
120 389 204 
389 392 204 
389 169 392 
204 392 103 
21 379 20 
379 393 20 
379 167 393 
20 393 19 
167 394 393 
394 395 393 
394 170 395 
393 395 19 
167 385 394 
385 396 394 
385 100 396 
394 396 170 
19 395 18 
395 397 18 
395 170 397 
18 397 17 
99 258 399 
258 398 399 
258 134 398 
399 398 172 
134 400 398 
400 401 398 
400 171 401 
398 401 172 
134 262 400 
262 402 400 
262 104 402 
400 402 171 
172 401 404 
401 403 404 
401 171 403 
404 403 29 
25 372 24 
372 405 24 
372 164 405 
24 405 23 
164 406 405 
406 407 405 
406 165 407 
405 407 23 
164 376 406 
376 382 406 
376 103 382 
406 382 165 
23 407 22 
407 377 22 
407 165 377 
22 377 21 
33 271 32 
271 408 32 
271 138 408 
32 408 31 
138 409 408 
409 410 408 
409 172 410 
408 410 31 
138 276 409 
276 399 409 
276 99 399 
409 399 172 
31 410 30 
410 404 30 
410 172 404 
30 404 29 
29 403 28 
403 411 28 
403 171 411 
28 411 27 
171 412 411 
412 413 411 
412 163 413 
411 413 27 
171 402 412 
402 375 412 
402 104 375 
412 375 163 
27 413 26 
413 370 26 
413 163 370 
26 370 25 
52 316 51 
316 414 51 
316 150 414 
51 414 50 
150 415 414 
415 416 414 
415 141 416 
414 416 50 
150 321 415 
321 284 415 
321 98 284 
415 284 141 
50 416 49 
416 288 49 
416 141 288 
49 288 48 
64 417 63 
417 418 63 
417 173 418 
63 418 62 
173 419 418 
419 420 418 
419 148 420 
418 420 62 
173 421 419 
421 310 419 
421 96 310 
419 310 148 
62 420 61 
420 314 61 
420 148 314 
61 314 60 
72 422 71 
422 423 71 
422 174 423 
71 423 70 
174 424 423 
424 425 423 
424 175 425 
423 425 70 
174 426 424 
426 427 424 
426 97 427 
424 427 175 
70 425 69 
425 428 69 
425 175 428 
69 428 68 
84 429 83 
429 430 83 
429 176 430 
83 430 82 
176 431 430 
431 432 430 
431 177 432 
430 432 82 
176 433 431 
433 434 431 
433 101 434 
431 434 177 
82 432 81 
432 435 81 
432 177 435 
81 435 80 
80 436 79 
436 437 79 
436 178 437 
79 437 78 
178 438 437 
438 439 437 
438 123 439 
437 439 78 
178 440 438 
440 213 438 
440 106 213 
438 213 123 
78 439 77 
439 219 77 
439 123 219 
77 219 76 
101 441 434 
441 442 434 
441 179 442 
434 442 177 
179 443 442 
443 444 442 
443 178 444 
442 444 177 
179 445 443 
445 440 443 
445 106 440 
443 440 178 
177 444 435 
444 436 435 
444 178 436 
435 436 80 
88 446 87 
446 447 87 
446 180 447 
87 447 86 
180 448 447 
448 449 447 
448 181 449 
447 449 86 
180 450 448 
450 451 448 
450 108 451 
448 451 181 
86 449 85 
449 452 85 
449 181 452 
85 452 84 
84 452 429 
452 453 429 
452 181 453 
429 453 176 
181 454 453 
454 455 453 
454 145 455 
453 455 176 
181 451 454 
451 305 454 
451 108 305 
454 305 145 
176 455 433 
455 301 433 
455 145 301 
433 301 101 
105 269 457 
269 456 457 
269 136 456 
457 456 183 
136 458 456 
458 459 456 
458 182 459 
456 459 183 
136 268 458 
268 460 458 
268 107 460 
458 460 182 
183 459 462 
459 461 462 
459 182 461 
462 461 96 
106 463 243 
463 464 243 
463 184 464 
243 464 129 
184 465 464 
465 466 464 
465 185 466 
464 466 129 
184 467 465 
467 468 465 
467 114 468 
465 468 185 
129 466 239 
466 469 239 
466 185 469 
239 469 100 
100 469 396 
469 470 396 
469 185 470 
396 470 170 
185 471 470 
471 472 470 
471 186 472 
470 472 170 
185 468 471 
468 473 471 
468 114 473 
471 473 186 
170 472 397 
472 474 397 
472 186 474 
397 474 17 
105 475 225 
475 476 225 
475 187 476 
225 476 125 
187 477 476 
477 478 476 
477 188 478 
476 478 125 
187 479 477 
479 480 477 
479 112 480 
477 480 188 
125 478 226 
478 481 226 
478 188 481 
226 481 97 
103 392 383 
392 482 383 
392 169 482 
383 482 166 
169 483 482 
483 484 482 
483 128 484 
482 484 166 
169 391 483 
391 242 483 
391 110 242 
483 242 128 
166 484 384 
484 237 384 
484 128 237 
384 237 100 
97 481 427 
481 485 427 
481 188 485 
427 485 175 
188 486 485 
486 487 485 
486 189 487 
485 487 175 
188 480 486 
480 488 486 
480 112 488 
486 488 189 
175 487 428 
487 489 428 
487 189 489 
428 489 68 
101 369 441 
369 490 441 
369 162 490 
441 490 179 
162 491 490 
491 492 490 
491 184 492 
490 492 179 
162 368 491 
368 467 491 
368 114 467 
491 467 184 
179 492 445 
492 463 445 
492 184 463 
445 463 106 
72 355 422 
355 493 422 
355 158 493 
422 493 174 
158 494 493 
494 495 493 
494 168 495 
493 495 174 
158 354 494 
354 390 494 
354 110 390 
494 390 168 
174 495 426 
495 386 426 
495 168 386 
426 386 97 
98 362 282 
362 496 282 
362 160 496 
282 496 140 
160 497 496 
497 498 496 
497 115 498 
496 498 140 
160 361 497 
361 198 497 
361 111 198 
497 198 115 
140 498 287 
498 193 287 
498 115 193 
287 193 102 
107 349 460 
349 499 460 
349 156 499 
460 499 182 
156 500 499 
500 501 499 
500 147 501 
499 501 182 
156 348 500 
348 313 500 
348 109 313 
500 313 147 
182 501 461 
501 308 461 
501 147 308 
461 308 96 
96 502 462 
502 503 462 
502 190 503 
462 503 183 
190 504 503 
504 505 503 
504 187 505 
503 505 183 
190 506 504 
506 479 504 
506 112 479 
504 479 187 
183 505 457 
505 475 457 
505 187 475 
457 475 105 
68 489 67 
489 507 67 
489 189 507 
67 507 66 
189 508 507 
508 509 507 
508 191 509 
507 509 66 
189 488 508 
488 510 508 
488 112 510 
508 510 191 
66 509 65 
509 511 65 
509 191 511 
65 511 64 
64 511 417 
511 512 417 
511 191 512 
417 512 173 
191 513 512 
513 514 512 
513 190 514 
512 514 173 
191 510 513 
510 506 513 
510 112 506 
513 506 190 
173 514 421 
514 502 421 
514 190 502 
421 502 96 
92 343 91 
343 515 91 
343 155 515 
91 515 90 
155 516 515 
516 517 515 
516 192 517 
515 517 90 
155 342 516 
342 518 516 
342 113 518 
516 518 192 
90 517 89 
517 519 89 
517 192 519 
89 519 88 
17 474 16 
474 520 16 
474 186 520 
16 520 15 
186 521 520 
521 522 520 
521 161 522 
520 522 15 
186 473 521 
473 367 521 
473 114 367 
521 367 161 
15 522 14 
522 363 14 
522 161 363 
14 363 13 
99 275 263 
275 523 263 
275 137 523 
263 523 135 
137 524 523 
524 525 523 
524 159 525 
523 525 135 
137 274 524 
274 360 524 
274 111 360 
524 360 159 
135 525 267 
525 356 267 
525 159 356 
267 356 107 
88 519 446 
519 526 446 
519 192 526 
446 526 180 
192 527 526 
527 528 526 
527 153 528 
526 528 180 
192 518 527 
518 336 527 
518 113 336 
527 336 153 
180 528 450 
528 332 450 
528 153 332 
450 332 108 
