247 0 0
248 247 0
249 248 0
250 249 0
251 250 0
252 251 0
253 252 0
254 253 0
255 254 0
256 255 0
257 256 0
258 257 0
259 258 0
260 259 0
261 260 0
262 261 0
263 262 0
264 263 0
265 264 0
266 265 0
267 266 0
268 267 0
269 268 0
270 269 0
271 270 0
272 271 0
273 272 0
274 273 0
275 274 0
276 275 0
277 276 0
278 277 0
279 278 0
280 279 0
281 280 0
282 281 0
283 282 0
4 283 0
236 4 0
237 236 0
238 237 0
239 238 0
240 239 0
241 240 0
242 241 0
243 242 0
244 243 0
245 244 0
246 245 0
3 246 0
135 3 0
136 135 0
137 136 0
138 137 0
139 138 0
140 139 0
141 140 0
142 141 0
143 142 0
144 143 0
145 144 0
146 145 0
147 146 0
148 147 0
149 148 0
150 149 0
151 150 0
152 151 0
153 152 0
154 153 0
155 154 0
156 155 0
157 156 0
158 157 0
159 158 0
160 159 0
161 160 0
162 161 0
163 162 0
164 163 0
165 164 0
166 165 0
167 166 0
168 167 0
169 168 0
170 169 0
171 170 0
172 171 0
173 172 0
174 173 0
175 174 0
176 175 0
177 176 0
178 177 0
179 178 0
180 179 0
181 180 0
182 181 0
183 182 0
184 183 0
185 184 0
186 185 0
187 186 0
188 187 0
189 188 0
190 189 0
191 190 0
192 191 0
193 192 0
194 193 0
195 194 0
196 195 0
197 196 0
198 197 0
199 198 0
200 199 0
201 200 0
202 201 0
203 202 0
204 203 0
205 204 0
206 205 0
207 206 0
208 207 0
209 208 0
210 209 0
211 210 0
212 211 0
213 212 0
214 213 0
215 214 0
216 215 0
217 216 0
218 217 0
219 218 0
220 219 0
221 220 0
222 221 0
223 222 0
224 223 0
225 224 0
226 225 0
227 226 0
228 227 0
229 228 0
230 229 0
231 230 0
232 231 0
233 232 0
234 233 0
235 234 0
1 235 0
5 1 0
6 5 0
7 6 0
8 7 0
9 8 0
10 9 0
11 10 0
12 11 0
13 12 0
14 13 0
15 14 0
2 15 0
16 2 1
17 16 1
18 17 1
19 18 1
20 19 1
21 20 1
22 21 1
23 22 1
24 23 1
25 24 1
26 25 1
27 26 1
28 27 1
29 28 1
30 29 1
31 30 1
32 31 1
33 32 1
34 33 1
35 34 1
36 35 1
37 36 1
38 37 1
39 38 1
40 39 1
41 40 1
42 41 1
43 42 1
44 43 1
45 44 1
46 45 1
47 46 1
48 47 1
49 48 1
50 49 1
51 50 1
52 51 1
53 52 1
54 53 1
55 54 1
56 55 1
57 56 1
58 57 1
59 58 1
60 59 1
61 60 1
62 61 1
63 62 1
64 63 1
65 64 1
66 65 1
67 66 1
68 67 1
69 68 1
70 69 1
71 70 1
72 71 1
73 72 1
74 73 1
75 74 1
76 75 1
77 76 1
78 77 1
79 78 1
80 79 1
81 80 1
82 81 1
83 82 1
84 83 1
85 84 1
86 85 1
87 86 1
88 87 1
89 88 1
90 89 1
91 90 1
92 91 1
93 92 1
94 93 1
95 94 1
96 95 1
97 96 1
98 97 1
99 98 1
100 99 1
101 100 1
102 101 1
103 102 1
104 103 1
105 104 1
106 105 1
107 106 1
108 107 1
109 108 1
110 109 1
111 110 1
112 111 1
113 112 1
114 113 1
115 114 1
116 115 1
117 116 1
118 117 1
119 118 1
120 119 1
121 120 1
122 121 1
123 122 1
124 123 1
125 124 1
126 125 1
127 126 1
128 127 1
129 128 1
130 129 1
131 130 1
132 131 1
133 132 1
134 133 1
0 134 1