57 0 0
58 57 0
59 58 0
60 59 0
61 60 0
62 61 0
63 62 0
64 63 0
65 64 0
4 65 0
55 4 0
56 55 0
3 56 0
30 3 0
31 30 0
32 31 0
33 32 0
34 33 0
35 34 0
36 35 0
37 36 0
38 37 0
39 38 0
40 39 0
41 40 0
42 41 0
43 42 0
44 43 0
45 44 0
46 45 0
47 46 0
48 47 0
49 48 0
50 49 0
51 50 0
52 51 0
53 52 0
54 53 0
1 54 0
5 1 0
6 5 0
2 6 0
7 2 1
8 7 1
9 8 1
10 9 1
11 10 1
12 11 1
13 12 1
14 13 1
15 14 1
16 15 1
17 16 1
18 17 1
19 18 1
20 19 1
21 20 1
22 21 1
23 22 1
24 23 1
25 24 1
26 25 1
27 26 1
28 27 1
29 28 1
0 29 1