104 0 0
105 104 0
106 105 0
107 106 0
108 107 0
109 108 0
110 109 0
111 110 0
112 111 0
113 112 0
114 113 0
115 114 0
116 115 0
117 116 0
118 117 0
119 118 0
4 119 0
100 4 0
101 100 0
102 101 0
103 102 0
3 103 0
56 3 0
57 56 0
58 57 0
59 58 0
60 59 0
61 60 0
62 61 0
63 62 0
64 63 0
65 64 0
66 65 0
67 66 0
68 67 0
69 68 0
70 69 0
71 70 0
72 71 0
73 72 0
74 73 0
75 74 0
76 75 0
77 76 0
78 77 0
79 78 0
80 79 0
81 80 0
82 81 0
83 82 0
84 83 0
85 84 0
86 85 0
87 86 0
88 87 0
89 88 0
90 89 0
91 90 0
92 91 0
93 92 0
94 93 0
95 94 0
96 95 0
97 96 0
98 97 0
99 98 0
1 99 0
5 1 0
6 5 0
7 6 0
8 7 0
2 8 0
9 2 1
10 9 1
11 10 1
12 11 1
13 12 1
14 13 1
15 14 1
16 15 1
17 16 1
18 17 1
19 18 1
20 19 1
21 20 1
22 21 1
23 22 1
24 23 1
25 24 1
26 25 1
27 26 1
28 27 1
29 28 1
30 29 1
31 30 1
32 31 1
33 32 1
34 33 1
35 34 1
36 35 1
37 36 1
38 37 1
39 38 1
40 39 1
41 40 1
42 41 1
43 42 1
44 43 1
45 44 1
46 45 1
47 46 1
48 47 1
49 48 1
50 49 1
51 50 1
52 51 1
53 52 1
54 53 1
55 54 1
0 55 1