352 0 0
353 352 0
354 353 0
355 354 0
356 355 0
357 356 0
358 357 0
359 358 0
360 359 0
361 360 0
362 361 0
363 362 0
364 363 0
365 364 0
366 365 0
367 366 0
368 367 0
369 368 0
370 369 0
371 370 0
372 371 0
373 372 0
374 373 0
375 374 0
376 375 0
377 376 0
378 377 0
379 378 0
380 379 0
381 380 0
382 381 0
383 382 0
384 383 0
385 384 0
386 385 0
387 386 0
388 387 0
389 388 0
390 389 0
391 390 0
392 391 0
393 392 0
394 393 0
395 394 0
396 395 0
397 396 0
398 397 0
399 398 0
400 399 0
401 400 0
402 401 0
403 402 0
404 403 0
4 404 0
335 4 0
336 335 0
337 336 0
338 337 0
339 338 0
340 339 0
341 340 0
342 341 0
343 342 0
344 343 0
345 344 0
346 345 0
347 346 0
348 347 0
349 348 0
350 349 0
351 350 0
3 351 0
192 3 0
193 192 0
194 193 0
195 194 0
196 195 0
197 196 0
198 197 0
199 198 0
200 199 0
201 200 0
202 201 0
203 202 0
204 203 0
205 204 0
206 205 0
207 206 0
208 207 0
209 208 0
210 209 0
211 210 0
212 211 0
213 212 0
214 213 0
215 214 0
216 215 0
217 216 0
218 217 0
219 218 0
220 219 0
221 220 0
222 221 0
223 222 0
224 223 0
225 224 0
226 225 0
227 226 0
228 227 0
229 228 0
230 229 0
231 230 0
232 231 0
233 232 0
234 233 0
235 234 0
236 235 0
237 236 0
238 237 0
239 238 0
240 239 0
241 240 0
242 241 0
243 242 0
244 243 0
245 244 0
246 245 0
247 246 0
248 247 0
249 248 0
250 249 0
251 250 0
252 251 0
253 252 0
254 253 0
255 254 0
256 255 0
257 256 0
258 257 0
259 258 0
260 259 0
261 260 0
262 261 0
263 262 0
264 263 0
265 264 0
266 265 0
267 266 0
268 267 0
269 268 0
270 269 0
271 270 0
272 271 0
273 272 0
274 273 0
275 274 0
276 275 0
277 276 0
278 277 0
279 278 0
280 279 0
281 280 0
282 281 0
283 282 0
284 283 0
285 284 0
286 285 0
287 286 0
288 287 0
289 288 0
290 289 0
291 290 0
292 291 0
293 292 0
294 293 0
295 294 0
296 295 0
297 296 0
298 297 0
299 298 0
300 299 0
301 300 0
302 301 0
303 302 0
304 303 0
305 304 0
306 305 0
307 306 0
308 307 0
309 308 0
310 309 0
311 310 0
312 311 0
313 312 0
314 313 0
315 314 0
316 315 0
317 316 0
318 317 0
319 318 0
320 319 0
321 320 0
322 321 0
323 322 0
324 323 0
325 324 0
326 325 0
327 326 0
328 327 0
329 328 0
330 329 0
331 330 0
332 331 0
333 332 0
334 333 0
1 334 0
5 1 0
6 5 0
7 6 0
8 7 0
9 8 0
10 9 0
11 10 0
12 11 0
13 12 0
14 13 0
15 14 0
16 15 0
17 16 0
18 17 0
19 18 0
20 19 0
21 20 0
2 21 0
22 2 1
23 22 1
24 23 1
25 24 1
26 25 1
27 26 1
28 27 1
29 28 1
30 29 1
31 30 1
32 31 1
33 32 1
34 33 1
35 34 1
36 35 1
37 36 1
38 37 1
39 38 1
40 39 1
41 40 1
42 41 1
43 42 1
44 43 1
45 44 1
46 45 1
47 46 1
48 47 1
49 48 1
50 49 1
51 50 1
52 51 1
53 52 1
54 53 1
55 54 1
56 55 1
57 56 1
58 57 1
59 58 1
60 59 1
61 60 1
62 61 1
63 62 1
64 63 1
65 64 1
66 65 1
67 66 1
68 67 1
69 68 1
70 69 1
71 70 1
72 71 1
73 72 1
74 73 1
75 74 1
76 75 1
77 76 1
78 77 1
79 78 1
80 79 1
81 80 1
82 81 1
83 82 1
84 83 1
85 84 1
86 85 1
87 86 1
88 87 1
89 88 1
90 89 1
91 90 1
92 91 1
93 92 1
94 93 1
95 94 1
96 95 1
97 96 1
98 97 1
99 98 1
100 99 1
101 100 1
102 101 1
103 102 1
104 103 1
105 104 1
106 105 1
107 106 1
108 107 1
109 108 1
110 109 1
111 110 1
112 111 1
113 112 1
114 113 1
115 114 1
116 115 1
117 116 1
118 117 1
119 118 1
120 119 1
121 120 1
122 121 1
123 122 1
124 123 1
125 124 1
126 125 1
127 126 1
128 127 1
129 128 1
130 129 1
131 130 1
132 131 1
133 132 1
134 133 1
135 134 1
136 135 1
137 136 1
138 137 1
139 138 1
140 139 1
141 140 1
142 141 1
143 142 1
144 143 1
145 144 1
146 145 1
147 146 1
148 147 1
149 148 1
150 149 1
151 150 1
152 151 1
153 152 1
154 153 1
155 154 1
156 155 1
157 156 1
158 157 1
159 158 1
160 159 1
161 160 1
162 161 1
163 162 1
164 163 1
165 164 1
166 165 1
167 166 1
168 167 1
169 168 1
170 169 1
171 170 1
172 171 1
173 172 1
174 173 1
175 174 1
176 175 1
177 176 1
178 177 1
179 178 1
180 179 1
181 180 1
182 181 1
183 182 1
184 183 1
185 184 1
186 185 1
187 186 1
188 187 1
189 188 1
190 189 1
191 190 1
0 191 1
