0 0
0.0115729999542 0.115463996887
0 0.12
0.0417134017944 0.0212492008209
0.0356604995728 0.0103641996384
0.00771533333032 0.116975997995
0.00385766670697 0.118487999104
0 0.115
0 0.11
0 0.105
0 0.1
0 0.095
0 0.09
0 0.085
0 0.08
0 0.075
0 0.07
0 0.065
0 0.06
0 0.055
0 0.05
0 0.045
0 0.04
0 0.035
0 0.03
0 0.025
0 0.02
0 0.015
0 0.01
0 0.005
0.0416298385881 0.0261889749294
0.041557950909 0.0304385583877
0.0415385639083 0.0333660581634
0.0408235884312 0.0359213793582
0.0395933767029 0.0394847960129
0.038298670226 0.0433837216576
0.0373134733876 0.0460941609057
0.0356891936761 0.048873250592
0.0334483167611 0.0527521117792
0.0309740758012 0.0570291251178
0.0284710531495 0.0612730181383
0.0262565633079 0.0650172034042
0.0247486447177 0.0675877104262
0.0240118228363 0.0704690117775
0.0229903286192 0.0745139008334
0.0219873416412 0.0783503573006
0.0214793253916 0.081239348422
0.0211213736651 0.0851930541381
0.0206539386634 0.0900584800548
0.0199727232911 0.0947490531858
0.0190684476795 0.0994308865641
0.0184579901604 0.102867077995
0.0177882099334 0.10529168472
0.0162823292158 0.107690132984
0.0141295637759 0.111243187873
0.0376781185953 0.0139925417362
0.0396957809273 0.0176208597497
0.00495335220348 0.000381989402279
0.00939370684431 0.00072441770363
0.0124961798967 0.000959882877488
0.0154239512997 0.00164909589958
0.0195107728619 0.00264123819766
0.0229418382004 0.00343080973889
0.025364880207 0.00418727165309
0.0277876890616 0.00567377111664
0.0313931526635 0.00782182286208
0.00866015813048 0.00998179886011
0.00414681691038 0.00689568132639
0.0135023700374 0.0125975222468
0.0139206925706 0.0731300625997
0.0322511521415 0.0133576808896
0.0270962726234 0.0105763627517
0.024236993588 0.00689971751424
0.0355447342465 0.0175540439866
0.0204516692671 0.00647065037451
0.03743413649 0.0225365770018
0.0164362506888 0.00538145492653
0.0121583572385 0.00398654594312
0.0375750769202 0.0282397672141
0.0385494592269 0.032837284019
0.00836523918375 0.0050655505819
0.0364914697942 0.0362500557909
0.035003534795 0.0406039870802
0.0344510407247 0.0448468469012
0.00443632786821 0.0123320860798
0.00451152684162 0.0174395820419
0.0313604274029 0.0482465231485
0.00433012701892 0.0225
0.0286742604371 0.0525569731695
0.00433012701892 0.0275
0.0260641438112 0.0569126803898
0.00433012701892 0.0325
0.0237920946292 0.0610523790161
0.00433012701892 0.0375
0.022197492531 0.0647365522015
0.00433012701892 0.0425
0.0214967871503 0.067943636978
0.00433012701892 0.0475
0.0189843182352 0.0709884366185
0.00433012701892 0.0525
0.0185643307966 0.0755819133508
0.00428184511257 0.0575
0.0187769380252 0.0791374678705
0.00420497053783 0.0625
0.0173026389035 0.0825632189058
0.00450209984212 0.0676285238268
0.0166840495249 0.0870727839199
0.00452833824293 0.0726472729019
0.0157102052112 0.0919223739431
0.00448262187905 0.077617601488
0.0150294425629 0.0965000254221
0.00433012701892 0.0825
0.0148577698851 0.100772091384
0.00419525545346 0.087409429374
0.0151270250431 0.104302815
0.00465233485551 0.0923623333938
0.00520712102045 0.0971509295063
0.0124954410215 0.107422979288
0.0056369461253 0.102545610411
0.00873878319576 0.111646645159
0.00442310639288 0.107938320425
0.0043363378056 0.113384237519
0.0310560508899 0.0176807480396
0.0275421451209 0.015717595207
0.0219326054 0.010533628294
0.0322534130852 0.0215446396387
0.0174958182842 0.00977582022457
0.0330755625459 0.0260515774496
0.0126640854172 0.00779247594198
0.03374816183 0.0317678495522
0.0315539457842 0.0370615666471
0.0300141402158 0.0427928132342
0.00914356995675 0.0148606955433
0.00900734395024 0.0200175484224
0.0266094595579 0.0477601499228
0.00866025403784 0.025
0.0237135664254 0.0526256961317
0.00866025403784 0.03
0.0208425196029 0.0571315140615
0.00866025403784 0.035
0.0188689106945 0.0614869624796
0.00866025403784 0.04
0.029463087634 0.0284997903508
0.0087058122611 0.0449035001076
0.0237340140443 0.0142066849327
0.00886166947715 0.0498684756067
0.0180424777451 0.0661115306054
0.00917998673858 0.0550240042353
0.0141145572558 0.07824748269
0.00928998351914 0.0601061503929
0.00904976603939 0.0652672664302
0.0129546202715 0.0836500844146
0.00906775516708 0.0703659378326
0.0123185259086 0.0888000842232
0.00917036953903 0.0753884510646
0.0101521223082 0.0938983070175
0.00899283228775 0.0803763586918
0.0102331462102 0.0989336828752
0.00859048840626 0.0851786788636
0.0111439835817 0.103236416737
0.00800537981454 0.0895547024484
0.0084122262686 0.106511894594
0.0275425790186 0.0202808785445
0.0188325920491 0.0149583149073
0.0281272937258 0.0246101749419
0.0139111770083 0.0177387353075
0.0279556149833 0.0329485681872
0.0263502908281 0.0381520168811
0.0240776747152 0.0432134446989
0.0136588773027 0.0227327051681
0.0214980879344 0.0482254978793
0.0134427145991 0.027668481502
0.0185085691647 0.0530505592661
0.0131908514352 0.0325081464591
0.0147670777631 0.0574848507623
0.0128372144681 0.0373462158546
0.0139193224173 0.0630344400576
0.0130376667702 0.0423226189893
0.0132010377339 0.0469406456652
0.0138090401935 0.0682009751814
0.0134154861984 0.0520599328979
0.0185574348096 0.020422480882
0.0226370916401 0.0338469677208
0.0210574812036 0.0389441165716
0.0183012790986 0.0438659469372
0.0185466925453 0.0254961956286
0.0169236709421 0.0490006269881
0.0181776434334 0.0304036805688
0.0173205080757 0.035
0.0232595715246 0.0230822355365
0.0232558024015 0.0186051923513
0.023916126183 0.0283460948662
0.0165558382866 0.039481550914
