0 0
0.0115729999542 0.115463996887
0 0.12
0.0417134017944 0.0212492008209
0.0356604995728 0.0103641996384
0 0.105947871876
0 0.0906759311641
0 0.0754039904518
0 0.0601320497395
0 0.0448601090273
0 0.029588168315
0 0.0143162276027
0.0415693923768 0.0313845088935
0.0396577311227 0.0392932055675
0.0365516697462 0.0474421670046
0.031234807302 0.0565839809367
0.0260095839516 0.0654028773175
0.0233409029706 0.0731331927524
0.0214369216015 0.0817317283435
0.0206237120554 0.0904212174129
0.019142974723 0.0990415855711
0.0168426460448 0.106829310791
0.0106641622805 0.000798071451691
0.0192578993961 0.00258013590596
0.0269731989346 0.00515762923468
0.0109043018476 0.0971516520465
0.0114835881848 0.0518082460736
0.0225260565808 0.0312800701878
0.0111092198543 0.0869447344682
0.0276020470718 0.0186291749102
0.0331610213536 0.0282069364002
0.0324377967871 0.0372620324588
0.0191349170597 0.0116637609424
0.0240369076447 0.0455442174376
0.0093334594725 0.00913422310003
0.0214869481123 0.0573002942944
0.0132900850492 0.0658061165746
0.0136167928013 0.076749695368
0.0130277123276 0.0220949091008
0.0117017630816 0.0374061210974
