0 0
0.0115729999542 0.115463996887
0 0.12
0.0417134017944 0.0212492008209
0.0356604995728 0.0103641996384
0.00925839928168 0.116371195771
0.00694380053892 0.117278399577
0.00462920056679 0.118185600248
0.00231459934282 0.119092797724
0 0.1175
0 0.115
0 0.1125
0 0.11
0 0.1075
0 0.105
0 0.1025
0 0.1
0 0.0975
0 0.095
0 0.0925
0 0.09
0 0.0875
0 0.085
0 0.0825
0 0.08
0 0.0775
0 0.075
0 0.0725
0 0.07
0 0.0675
0 0.065
0 0.0625
0 0.06
0 0.0575
0 0.055
0 0.0525
0 0.05
0 0.0475
0 0.045
0 0.0425
0 0.04
0 0.0375
0 0.035
0 0.0325
0 0.03
0 0.0275
0 0.025
0 0.0225
0 0.02
0 0.0175
0 0.015
0 0.0125
0 0.01
0 0.0075
0 0.005
0 0.0025
0.041671507473 0.0237257511291
0.0416296131515 0.0262023014373
0.0415877187517 0.0286788517442
0.0415557967434 0.0310568713567
0.0415846979854 0.0328770015925
0.0414196271389 0.0341733306177
0.0409251708606 0.0356556045812
0.0401703859968 0.0377669735545
0.0393832004306 0.0401105455659
0.0385945888647 0.0424585550126
0.037892475523 0.0446908717696
0.0372316591467 0.0462777039591
0.0361271321356 0.0481272978923
0.0348828585736 0.0502689490172
0.0336438278752 0.0524136773194
0.0324054744715 0.0545587964138
0.0311657874627 0.0567031437666
0.0299083138484 0.0588371093536
0.0286495457489 0.0609703130091
0.0273914238111 0.0631038981964
0.0261484666218 0.0651966193895
0.0251262376603 0.0668261671501
0.0245722084645 0.06807441296
0.0241652512778 0.0697836396193
0.0236066240405 0.0720866926047
0.0229970709721 0.074487346287
0.0223857520736 0.0768876159707
0.0217599546705 0.0792500761355
0.0214565598139 0.0814965195653
0.0212415646985 0.0839639545535
0.0210004924575 0.0864290997292
0.0207593526058 0.0888942382922
0.0205391183542 0.0913613060669
0.0201628519092 0.0938082564375
0.019679900091 0.0962375933113
0.0192140536437 0.0986702962627
0.0187536570205 0.101075210889
0.0184259956464 0.103116319643
0.0181331166382 0.104505503031
0.0176075770149 0.105657399505
0.0166410778302 0.107116968528
0.0154230025803 0.109108449053
0.014139467253 0.111226843168
0.012856069133 0.113345320406
0.0368710827749 0.0125411983418
0.0380816344767 0.0147182145615
0.0392922337599 0.016895204322
0.040502858016 0.0190721801954
0.00244440279834 0.000188505536529
0.00488880554662 0.000377011722258
0.00733320830706 0.0005655177503
0.00977787016992 0.000750401980125
0.012098585529 0.000904731279453
0.0140883169924 0.00129789637012
0.0164592199228 0.00190388538548
0.0188422980797 0.00247971337728
0.0212093988257 0.00305168037939
0.0232588461851 0.00349099996812
0.0246456084472 0.00385629358715
0.0258028838281 0.00441006746033
0.0273143616211 0.00538449931304
0.0293419077244 0.00659974065277
0.0314481041697 0.00785456172033
0.0335543006302 0.00910938276247
0.0107224741395 0.100824169346
0.0187186182173 0.0437248851017
0.0104366145507 0.0115997510262
0.0157262202515 0.0195206633416
0.0215218758923 0.0227784918994
0.0240899152869 0.00521269184086
0.0254263339176 0.00649869354482
0.0272352891895 0.00776438184317
0.0219707110428 0.00513880017167
0.0293122227875 0.00904458187795
0.0196165535502 0.00475604707236
0.0314465188893 0.0104852149965
0.0171355708186 0.00427564479427
0.0338521181187 0.0121186557618
0.0147031652692 0.00370443638703
0.0128081724671 0.00288698632556
0.035410589245 0.0146013783936
0.0107554793798 0.00307049975234
0.0368016057514 0.0168551148646
0.00824313678528 0.00284288243416
0.0379867524521 0.0192250847618
0.00571305571885 0.00261376632391
0.0393556026677 0.021842194648
0.00308247351684 0.00241569277396
0.0394203787726 0.0247874309172
0.0394190854453 0.0274289119162
0.0394366617229 0.0299224276885
0.00213605678342 0.00630553412102
0.0395600147673 0.0321723900091
0.00227409551281 0.00868232395675
0.00216506350946 0.01125
0.00216506350946 0.01375
0.0388099820096 0.035951300906
0.00216506350946 0.01625
0.037820823691 0.0382210274895
0.00216506350946 0.01875
0.0369771284396 0.0405843565637
0.00216506350946 0.02125
0.0362643703177 0.0428728066329
0.00216506350946 0.02375
0.0359554025071 0.044760555751
0.00216506350946 0.02625
0.0348385079536 0.0462274075349
0.00216506350946 0.02875
0.0336664375378 0.0481865885249
0.00216506350946 0.03125
0.0324059800805 0.0502682981113
0.00216506350946 0.03375
0.0311669268787 0.0524130323286
0.00216506350946 0.03625
0.0299279146286 0.0545577428061
0.00216506350946 0.03875
0.0286889840527 0.0566803631216
0.00216506350946 0.04125
0.0274308587609 0.0588139621159
0.00216506350946 0.04375
0.0261872048258 0.0609583701457
0.00216506350946 0.04625
0.0250137075064 0.0630781829395
0.00216506350946 0.04875
0.0240150362912 0.0650544655543
0.00216506350946 0.05125
0.023337364995 0.0667778072405
0.00216506350946 0.05375
0.0226598342062 0.0685335799217
0.00216506350946 0.05625
0.0219477923459 0.0704905395819
0.00216506350946 0.05875
0.0212455382329 0.0727717334757
0.00216506350946 0.06125
0.020616130276 0.0751605186683
0.00216506350946 0.06375
0.0200447638547 0.0776137346854
0.00216506350946 0.06625
0.0195876065239 0.0800639700495
0.00216506350946 0.06875
0.0192630179424 0.0825199514258
0.00216506350946 0.07125
0.0189862578587 0.0849877629816
0.00216506350946 0.07375
0.0187451011326 0.0874528407836
0.00216506350946 0.07625
0.0185045580968 0.0899177982626
0.00216506350946 0.07875
0.0181773330491 0.0922733489582
0.00216506350946 0.08125
0.0178065251055 0.0946181303912
0.00216506350946 0.08375
0.0173426503541 0.0970509749042
0.00216506350946 0.08625
0.0169761409672 0.0995147112091
0.00216506350946 0.08875
0.0167734621459 0.101855653055
0.00216506350946 0.09125
0.0167895477287 0.103954667961
0.00216506350946 0.09375
0.00216506350946 0.09625
0.0155506768571 0.105273425152
0.00216506350946 0.09875
0.0142575767324 0.107007366489
0.00216506350946 0.10125
0.0128686579808 0.10905550704
0.00216506350946 0.10375
0.0114848097913 0.11125632699
0.00222597004862 0.106257740604
0.0100453312565 0.113597397188
0.00228091348113 0.108773305024
0.00229521462575 0.11131137186
0.00728903588833 0.114036615775
0.00234874581102 0.113915855743
0.0047461140744 0.115414819907
0.00235651301116 0.116505382619
0.00182163487718 0.00430831963905
0.0399633988832 0.0340384347453
0.0231688106027 0.00711928856448
0.0249026475387 0.00878303271357
0.0270071432041 0.0101881071462
0.020651860406 0.00707683340078
0.0290982052737 0.0115874606637
0.0180007770599 0.00662356312796
0.0311296125864 0.0130527749148
0.0152541354391 0.00611000612708
0.0328290997392 0.0147419035188
0.0124233610851 0.00523764779316
0.0342505557029 0.0168950728498
0.00937231857969 0.00510432873139
0.0354065339272 0.0189919952667
0.00657706196033 0.0049059113934
0.0365029402159 0.0213427287181
0.00409086268055 0.00466513377661
0.0370874036734 0.0237618610346
0.0372244346447 0.0262386935653
0.0372506671669 0.0288345836003
0.0372928010648 0.0314688099952
0.00476248234493 0.00717905049312
0.00435812565313 0.00992550568992
0.00433012701892 0.0125
0.00433012701892 0.015
0.0364038413234 0.0361231641202
0.00433012701892 0.0175
0.0353396607013 0.0386741843587
0.00433012701892 0.02
0.0345187931432 0.0412558427927
0.00433012701892 0.0225
0.0338380202142 0.043872417309
0.00433012701892 0.025
0.00433012701892 0.0275
0.00433012701892 0.03
0.0311906410978 0.0480872263277
0.00433012701892 0.0325
0.0299221558266 0.0502636254835
0.00433012701892 0.035
0.02868313138 0.0524083762896
0.00433012701892 0.0375
0.0274576264454 0.0545387650486
0.00433012701892 0.04
0.0262053021478 0.0566535440885
0.00433012701892 0.0425
0.0249257059571 0.0588219222129
0.00433012701892 0.045
0.0237038729938 0.061008978624
0.00433012701892 0.0475
0.0225951289325 0.0632083242655
0.00433012701892 0.05
0.0217517397084 0.0652434840257
0.00433012701892 0.0525
0.0215260015287 0.0670688605536
0.00433012701892 0.055
0.0203970139207 0.0686769450848
0.00433012701892 0.0575
0.0195241675576 0.0709401208828
0.00433012701892 0.06
0.018773024573 0.0733696556983
0.00433012701892 0.0625
0.0181751693686 0.0758862235841
0.00433012701892 0.065
0.0176994710085 0.078424363344
0.00433012701892 0.0675
0.0173205528174 0.0810108244752
0.00433012701892 0.07
0.0169817068139 0.0835135318087
0.00433012701892 0.0725
0.0167228990331 0.0860106752653
0.00433012701892 0.075
0.0164820916516 0.0884762202997
0.00433012701892 0.0775
0.0162032695871 0.0908026380502
0.00433012701892 0.08
0.0158413789423 0.0931294532006
0.00433012701892 0.0825
0.0154086663684 0.0955487653255
0.00433012701892 0.085
0.0150175027992 0.0979895007123
0.00433012701892 0.0875
0.0147911119486 0.10057876996
0.00433012701892 0.09
0.0149580634943 0.103122055023
0.00433012701892 0.0925
0.00433012701892 0.095
0.00427414988644 0.097496661175
0.0133165270841 0.10469355366
0.00429271821663 0.0999837813487
0.0118060278728 0.106713252308
0.00431778645479 0.102462613488
0.0102377407386 0.108980242437
0.00439086064698 0.104974120786
0.00880669211714 0.11135467313
0.00456512906843 0.107520804479
0.00457013988269 0.110036131691
0.00462488525675 0.112723730804
0.0377861198017 0.0338643472178
0.0325271394501 0.0460536878792
0.0221042237065 0.00961521300914
0.0246044011295 0.0112443388837
0.0267788809313 0.0126616102395
0.019057013904 0.00911778442739
0.0287347541734 0.0141468374815
0.0162344752329 0.00854197885516
0.0303941909797 0.0155444012089
0.013414218365 0.00794480599906
0.0320644383627 0.016919688053
0.0105160143768 0.00743781255976
0.0327069846652 0.0191225437555
0.00758896025935 0.00694892020535
0.0342368658816 0.0208409536923
0.0345135416322 0.0230179866379
0.0347944493928 0.025227243454
0.0349801692494 0.0277246088516
0.0350359649167 0.0304444769341
0.00637750273333 0.00893485028294
0.00649520345456 0.0111891416154
0.00645050027807 0.0137246301372
0.00649519052838 0.01625
0.0337452116036 0.0364745525438
0.00649519052838 0.01875
0.0327631377322 0.039214504353
0.00649519052838 0.02125
0.0319526477339 0.0418705657954
0.00649519052838 0.02375
0.00649519052838 0.02625
0.00649519052838 0.02875
0.00649519052838 0.03125
0.0286992779694 0.0479799951437
0.00649519052838 0.03375
0.0274383315244 0.050258986142
0.00649519052838 0.03625
0.0262127793949 0.0524049875919
0.00649519052838 0.03875
0.0249874871984 0.0545041930536
0.00649519052838 0.04125
0.0237193062329 0.0566291684446
0.00649519052838 0.04375
0.022372209449 0.0589052420844
0.00649519052838 0.04625
0.0211675267754 0.0612120412035
0.00649519052838 0.04875
0.0201040278613 0.0636220296508
0.00649519052838 0.05125
0.019287760464 0.0662072163658
0.00649519052838 0.05375
0.00649519052838 0.05625
0.017999333309 0.0688079962886
0.00649519052838 0.05875
0.016976369347 0.0714254196169
0.00649519052838 0.06125
0.0162327960679 0.0740323608488
0.00649519052838 0.06375
0.0157400523919 0.0766998992022
0.00649519052838 0.06625
0.01531938262 0.07935771864
0.00649519052838 0.06875
0.0150124807629 0.0819509701631
0.00656483520288 0.071233648542
0.0147500029916 0.0844860343205
0.0065876450961 0.0737255643686
0.0144594579039 0.0870341394036
0.0065525266232 0.0762369662955
0.0142462356411 0.0893593671226
0.00649519052838 0.07875
0.0138937087761 0.0916455962835
0.00649519052838 0.08125
0.0134684169047 0.0939918528534
0.00644089520857 0.0837724143011
0.0130149935347 0.0965060433725
0.00639815933756 0.0862707725684
0.0127907019224 0.0992673940826
0.0063752902088 0.0887747275271
0.0128586175239 0.102079823601
0.00646879466474 0.0913047588722
0.0065453825929 0.0938243827692
0.00637919059766 0.096270182151
0.00635516367973 0.0987401959973
0.0108335262294 0.103986690211
0.0064652307985 0.101174944353
0.0093395883766 0.106596902481
0.00643798621707 0.103612216123
0.00724965609072 0.108831019736
0.00671401300119 0.1060922444
0.0350515969655 0.0335163314492
0.0314974419739 0.0441111378503
0.0300244257623 0.0457780459588
0.022354916359 0.0125642160633
0.0198951118245 0.0117514884389
0.024550130035 0.0137948754779
0.0266322731395 0.0151420517613
0.0171610501793 0.0111300064212
0.0282767902632 0.0168570301604
0.0144489756313 0.0105105517435
0.011685881257 0.00985224796499
0.0304042394663 0.0203944096954
0.00877102147116 0.00958208212185
0.0322257260588 0.0241176794537
0.0326090782624 0.0265460266862
0.0327924610427 0.0291329135697
0.00847549304988 0.0123852301107
0.00859914170929 0.0150080569769
0.00866025403784 0.0175
0.0310292382276 0.0372128846108
0.00866025403784 0.02
0.0300906304171 0.0399896358993
0.00866025403784 0.0225
0.00866025403784 0.025
0.00866025403784 0.0275
0.00866025403784 0.03
0.00866025403784 0.0325
0.026188830173 0.0479340549307
0.00866025403784 0.035
0.0249584588429 0.0502657134799
0.00866025403784 0.0375
0.0237214589678 0.0523859830791
0.00866025403784 0.04
0.0224146598858 0.0545145999423
0.00866025403784 0.0425
0.0210715862293 0.0567188687598
0.00866025403784 0.045
0.0197283537183 0.0590835871561
0.00866025403784 0.0475
0.0185336137721 0.0615362211915
0.00866025403784 0.05
0.0175285819343 0.0640921577646
0.00866025403784 0.0525
0.0164601082401 0.066688650751
0.00866025403784 0.055
0.0086998850915 0.0575085537857
0.0154022478142 0.0693305147137
0.00876322959615 0.0599832111935
0.0140371350798 0.0720142131598
0.0087213035279 0.0624617223792
0.013719750181 0.0749360392802
0.00866025403784 0.065
0.0132946242107 0.0777151834421
0.00872316568518 0.067465596822
0.0129951815402 0.0803726856326
0.00880672845212 0.0699369602986
0.0127644673854 0.0829484084199
0.00886882219268 0.0724342567363
0.0125464458035 0.08547046104
0.00884253989312 0.0749475155232
0.0123437480046 0.0878927405438
0.00875907998167 0.0774889268484
0.0120950581452 0.0901913316809
0.00866160755552 0.0800361748177
0.0115688633189 0.0924400295455
0.00858560869376 0.0825721341419
0.0109854145218 0.0947020857014
0.00851439554987 0.0850734039013
0.0105631776704 0.0976371978114
0.00839336908993 0.0875674562434
0.00859715706818 0.0997222564508
0.00834912111114 0.0900285207444
0.00861707233022 0.102307979353
0.00888154022812 0.0926160034155
0.00872014705676 0.0953187929989
0.00814419301849 0.0975341167549
0.00839466281134 0.104525972927
0.0327617614299 0.0318075772989
0.0320234137878 0.0344704967159
0.0292065258633 0.0429878340594
0.027492849829 0.0455462614023
0.0224218744115 0.0153966672787
0.0203278373669 0.0147026520038
0.0179619430591 0.0137672529127
0.0245952638673 0.0160258621226
0.025985126596 0.0177645505178
0.015321053326 0.013116259954
0.0127050425539 0.0123840689051
0.0301493789255 0.0254282349732
0.0305859402555 0.0277329784705
0.0106582027268 0.0139167061983
0.010826743495 0.0162580669937
0.0108283864007 0.0187763440958
0.0283426201384 0.0378850256556
0.0109199713725 0.0212185771021
0.0108253175473 0.02375
0.0108253175473 0.02625
0.0108253175473 0.02875
0.0108253175473 0.03125
0.0108253175473 0.03375
0.0236668067174 0.0479993906341
0.0108253175473 0.03625
0.0225005026984 0.050259098086
0.0108253175473 0.03875
0.0211911212718 0.0523378595542
0.0108253175473 0.04125
0.0198195659161 0.0544751361129
0.0108253175473 0.04375
0.0183658854108 0.0567904779366
0.0108253175473 0.04625
0.0169474475658 0.0593255136717
0.0108734913855 0.0487856013795
0.0158430158392 0.0619341851638
0.0108819218994 0.0512869754104
0.0149336571463 0.0645465346632
0.0108698247944 0.0538031371904
0.0136257175433 0.067112227342
0.0108253819953 0.0562477196617
0.0110230172442 0.0587398483677
0.0130792502127 0.0696166745756
0.0111038828351 0.0611628777301
0.0113337843931 0.0735926728165
0.0108451635965 0.0636754301773
0.0111160013453 0.0762160917734
0.0109399999762 0.0661857218271
0.01088937743 0.0788522808095
0.0110749154277 0.0685501602223
0.0107328282291 0.081435265965
0.0111928539096 0.0710848845338
0.0106114054587 0.083981396776
0.0104347322815 0.0864840242752
0.010269661146 0.088813878483
0.0278229999453 0.0199272441691
0.029439963583 0.0227968910563
0.0305719534754 0.0302958387789
0.0292250061147 0.0352415040274
0.027387439339 0.0405678182737
0.0248752189598 0.0455860793402
0.030064138143 0.0326695225308
0.026193411543 0.0431335107765
0.018733857243 0.0164312902643
0.0234087431921 0.0179850289527
0.016227786371 0.0156573792287
0.0134145322828 0.0151761639444
0.0280447235376 0.0268769148625
0.012646419052 0.0175185798731
0.0133310065972 0.019831281378
0.0131011862619 0.0225142213926
0.0129903810568 0.025
0.0129903810568 0.0275
0.0129903810568 0.03
0.0129903810568 0.0325
0.0129903810568 0.035
0.0212103781915 0.0480682340201
0.0129903810568 0.0375
0.0200428595104 0.0502084243738
0.0129903810568 0.04
0.0185671924511 0.052151171511
0.0129903810568 0.0425
0.0172374020873 0.0542869464278
0.0129903810568 0.045
0.0154929263339 0.0569198077925
0.0130326786553 0.0475557635761
0.013844089871 0.0597233721392
0.0131647760457 0.0501306050139
0.013216247163 0.0625564444518
0.0130977808725 0.0526390338473
0.0127101220902 0.0648501505451
0.0130559969868 0.0551878252606
0.0128656381155 0.0573691552252
0.0210235449716 0.0174151528516
0.0249466491285 0.0202729620614
0.0278656289293 0.0246476407459
0.0286739676501 0.0289586045756
0.0257320898849 0.0383785953287
0.0264618086486 0.0357759602772
0.0222735074323 0.0457667008464
0.0264173087942 0.022624930856
0.0281259211139 0.0310201755692
0.0273494175682 0.0333682749408
0.0246220935846 0.0408524594565
0.0234195135187 0.0432577549628
0.017222169092 0.0180854782202
0.0148076018982 0.0175790894222
0.0153633936624 0.0215495434369
0.0152458451826 0.0238577595337
0.0151554445662 0.02625
0.0151554445662 0.02875
0.0151554445662 0.03125
0.0151554445662 0.03375
0.0151554445662 0.03625
0.0190854815392 0.048306350193
0.0151554445662 0.03875
0.0175754704644 0.0498448097356
0.0150703876367 0.0412555483721
0.0157241032312 0.0516980954393
0.0150396259705 0.0437511361715
0.0149371355796 0.0541076434737
0.0150795997245 0.0462582398797
0.0152831417454 0.0488407630944
0.0194433024063 0.0190568936804
0.0220483677447 0.0203271592562
0.0254128468914 0.0255878649902
0.026125331532 0.0289062467395
0.0195200288649 0.045963292316
0.0238788569947 0.0227788120511
0.0234520913302 0.0387957314517
0.0238381558335 0.0363787777863
0.0244184230842 0.0335084037126
0.0209136500424 0.0435637216545
0.0217411277207 0.0406806308297
0.0175007679674 0.0227452087522
0.0174101615091 0.0250960995019
0.0173265581206 0.0275033313765
0.0173205080757 0.03
0.0173205080757 0.0325
0.0173205080757 0.035
0.017308238471 0.0375142875874
0.0172396637728 0.0473427683307
0.0172302598385 0.0400727326369
0.0170632771212 0.0425126008958
0.0170368093031 0.0449964390998
0.0259555552972 0.0314811056515
0.0176549855241 0.0204959498744
0.0196921518111 0.0239755420233
0.0234463675414 0.0278506019295
0.0222733054331 0.0252306516497
0.0213708488425 0.0376484952871
0.0217819738764 0.0349102307195
0.0195721735442 0.0262315380233
0.0193987371102 0.0287252014434
0.0195085415979 0.0311801943687
0.0195589700721 0.0336779548392
0.019456154937 0.0362732899597
0.0196675207849 0.0215349977546
0.0238646672622 0.0306358338992
0.0218244311193 0.0323148709597
0.01935110214 0.0389479600194
0.0212995494523 0.0275438684457
0.0215881631077 0.0297818774273
0.0193070769935 0.0415124920889
0.00649797133281 0.111358676578
0.0301558764155 0.0182425028061
0.0102081282851 0.0908325074011
0.0320950231943 0.021749087997
