0 0
0.0115729999542 0.115463996887
0 0.12
0.0417134017944 0.0212492008209
0.0356604995728 0.0103641996384
0.00771533333032 0.116975997995
0.00385766670697 0.118487999104
0 0.116
0 0.112
0 0.108
0 0.104
0 0.1
0 0.096
0 0.092
0 0.088
0 0.084
0 0.08
0 0.076
0 0.072
0 0.068
0 0.064
0 0.06
0 0.056
0 0.052
0 0.048
0 0.044
0 0.04
0 0.036
0 0.032
0 0.028
0 0.024
0 0.02
0 0.016
0 0.012
0 0.008
0 0.004
0.0416465955048 0.0251984027989
0.0415817541863 0.0290314409799
0.0415794822273 0.0319766827272
0.041444441297 0.0340385965265
0.0407436987537 0.0361242618167
0.0397011097961 0.0391640623108
0.0385214893481 0.0426762012011
0.0376905153598 0.0452488766798
0.0366751182456 0.047239055134
0.0350164422493 0.0500377268222
0.0330485103171 0.0534441890965
0.0310714747696 0.0568635358313
0.0290650209806 0.0602657098399
0.0271080991923 0.0635843573433
0.0255272840682 0.066159352504
0.0245874743568 0.0680600598266
0.024015290656 0.0704574663016
0.0231527046915 0.0738743877377
0.0222096590861 0.0775395329605
0.0215737385535 0.0803318013525
0.0212737087902 0.0836352420974
0.020890422389 0.0875543304557
0.0205242387202 0.0914869874876
0.0198460256107 0.0953759842001
0.0191093210914 0.0992173793712
0.018526297129 0.102387198948
0.0181131273372 0.10454888173
0.0171447210292 0.10637177937
0.015572117568 0.108862338291
0.0136191931676 0.112085572317
0.0376781185953 0.0139925417362
0.0396957809273 0.0176208597497
0.00383149878508 0.000295474815248
0.0076629975275 0.000590950183593
0.0110112560118 0.000817973167833
0.013399421392 0.00112813600834
0.016331479043 0.00187301915365
0.0199380849715 0.00274449042735
0.0228363608209 0.00340955833934
0.0248394810187 0.00392583909329
0.0266242857524 0.00493668260075
0.0291278585656 0.00647221570063
0.0323591222506 0.00839732493898
0.020931348491 0.0253683386454
0.033373254994 0.0405994749707
0.0213681387402 0.0185311624437
0.0134990672369 0.0114979784701
0.0262018983363 0.00815127703904
0.0290657764269 0.0104435046259
0.0239917104536 0.00602021273312
0.0327708952267 0.0132356902295
0.0209095797335 0.00586211338128
0.0353612706755 0.0176583662093
0.0172324428917 0.00523189404928
0.0377317635128 0.0221980753129
0.0129817352286 0.00392842530184
0.0381206647524 0.0268685623901
0.00896251205981 0.00420617893503
0.0385004647327 0.0306014507329
0.00488055746599 0.0037900576561
0.0391453421456 0.0336369923931
0.0375011384217 0.0364550510602
0.0364345607598 0.0399463183475
0.003312986935 0.0100589124268
0.0353808204485 0.0441811215557
0.00347485002987 0.0138962011409
0.0034205181208 0.018
0.0331852824609 0.0468765270556
0.00346410161514 0.022
0.0311238652254 0.0500431467501
0.00346410161514 0.026
0.0290999312382 0.0534421768983
0.00346410161514 0.03
0.027128960142 0.0568313631941
0.00346410161514 0.034
0.0252549776148 0.060306169803
0.00346410161514 0.038
0.023788276827 0.0635688135482
0.00346410161514 0.042
0.0233024657165 0.0662308815944
0.00346410161514 0.046
0.0217594733047 0.0683012053106
0.00346410161514 0.05
0.0206530518445 0.0714144056238
0.00346410161514 0.054
0.019610580325 0.0748633492799
0.00342143621071 0.058
0.0188032238252 0.0783176023478
0.00341102456823 0.062
0.0180945174951 0.0817939286155
0.00346410161514 0.066
0.0176637337272 0.0854768218299
0.00346410161514 0.07
0.0172955420982 0.0891867693753
0.00346410161514 0.074
0.016844751816 0.093121156773
0.00357248189281 0.0779302668223
0.0163722192084 0.0968809067706
0.00361804126185 0.0818316792739
0.0160160555804 0.100550301127
0.00354602675827 0.0857986119916
0.0159413698283 0.103766457242
0.00346577131521 0.0898079644026
0.00340412001713 0.0937838313802
0.0139021362284 0.105910634323
0.00337564479651 0.0978169881672
0.0115805084879 0.108727757429
0.00344380962243 0.101889404872
0.00869296991788 0.112172053531
0.00365933859023 0.105969108114
0.00406748796202 0.110095746007
0.00410808239763 0.114251939909
0.00297774495533 0.00679184446839
0.0227422980948 0.00892311009198
0.0252086092403 0.0117057031079
0.028209011674 0.0142745053584
0.0309970051618 0.0177531157412
0.0189663731418 0.00877933417894
0.0329919934447 0.0213269754087
0.0149433905468 0.00813607368632
0.0343631348906 0.0253936330973
0.0106001008555 0.00851865060076
0.0349376267706 0.0293903965894
0.0358631566118 0.0331162766763
0.0336411598947 0.0367550198131
0.0314242350511 0.0433323802613
0.00694192577985 0.0114644454203
0.00700176501051 0.0156911205165
0.00697788424316 0.0198797822014
0.0292795028149 0.0465105997108
0.00692820323028 0.024
0.0271892630821 0.0498726789756
0.00692820323028 0.028
0.0251556982917 0.0534161193961
0.00692820323028 0.032
0.0231171657683 0.0570225615132
0.00692820323028 0.036
0.0213144702472 0.0607978122863
0.00692820323028 0.04
0.0202584772181 0.0649124530715
0.00692820323028 0.044
0.00692820323028 0.048
0.0184104188147 0.0685128353654
0.00692820323028 0.052
0.0169495417025 0.0720536176633
0.00690679171055 0.0560369484834
0.0157848760695 0.075905299054
0.00688032731067 0.0600090167347
0.0149305749567 0.0795650404326
0.00685982361417 0.0640881554518
0.014387466858 0.0833991213262
0.00692820323028 0.068
0.0140057739163 0.0872862349978
0.00681894629553 0.0719336187356
0.0136707593286 0.0911019447695
0.0070545227256 0.0759045005882
0.0133197584725 0.0949437945378
0.00733945019733 0.0796243006848
0.0130577765175 0.0987779322184
0.00718207276515 0.0836100895432
0.0131404061077 0.102512455554
0.00699668849721 0.0876062490953
0.00686698940563 0.0915703665127
0.00674048436849 0.0955464585227
0.0104391893337 0.105052423389
0.00669895255618 0.0995840358297
0.00760919062911 0.107777587409
0.0068838118506 0.103648040665
0.00639890063605 0.00750244590928
0.021193704766 0.0121724864827
0.0238561973312 0.0157252212069
0.0271805834389 0.0178865285854
0.0282942181008 0.0216732692656
0.0170309439888 0.0120008886701
0.0306251494166 0.0245289735281
0.010452608095 0.0131779878374
0.031093801313 0.0281744338954
0.0319808612849 0.0323541537698
0.0275250709315 0.042706017531
0.0106132826431 0.0177071349855
0.0104668856091 0.0219275684465
0.0252830792975 0.046173804622
0.0104153072405 0.0259949980176
0.0229215179577 0.0497935585256
0.0103923048454 0.03
0.0210488869677 0.0534887330328
0.0103923048454 0.034
0.0190586498939 0.0573949884095
0.0103923048454 0.038
0.0169764279787 0.061424929969
0.0103923048454 0.042
0.0166857407864 0.0655569590003
0.0103923048454 0.046
0.0103923048454 0.05
0.0142016205592 0.0686172867848
0.0106097782142 0.0542494999648
0.0133605233098 0.0732508059792
0.0103714873082 0.0582552709905
0.0113389140581 0.0771184706846
0.010119259335 0.0622703737032
0.0109545783306 0.0814122809318
0.0103847866644 0.0662446927163
0.0106448178957 0.0853834653874
0.0103971726064 0.0701322129496
0.0104024195395 0.0892618031584
0.00985809356044 0.07372464633
0.0101494917733 0.0932155057766
0.00992476527471 0.101161286346
0.00993710001773 0.0971284213991
0.0300197811607 0.0393399191235
0.019295885612 0.0154749796054
0.0244535676849 0.0200818671818
0.027202486479 0.0261119861853
0.0144673403147 0.0156801126575
0.0277565543529 0.0309067021762
0.0232890032306 0.0423584861511
0.0141189476493 0.0201449846336
0.0139512938912 0.024106697004
0.0209531072907 0.046038851255
0.0138440165981 0.0280763749068
0.0182381246277 0.0498979352725
0.0138564064606 0.032
0.017386476447 0.0539694102707
0.0138564064606 0.036
0.0145636674794 0.0569185373783
0.0141630833551 0.0400650464077
0.0140970631252 0.0438795592639
0.014069942514 0.0480739394171
0.0140621852679 0.0522016353537
0.0243446623505 0.0240911021786
0.025942264086 0.0386918201217
0.0130933625614 0.0606786801704
0.0179392101163 0.019058347077
0.0237704675553 0.0288029957642
0.0184645352798 0.0420897339843
0.0172059956384 0.0263867095268
0.0171895299157 0.0459906061982
0.0170414404692 0.0301632951285
0.0171464460699 0.0338624921615
0.0175079779422 0.037879796283
0.0135071825784 0.064273162804
0.0241046180036 0.0343615129247
0.0210704530908 0.0218439481181
0.0217257282614 0.0385520909929
0.0199307530314 0.0285266934368
0.0205137380626 0.0319011170122
0.0202195153825 0.0353224142535
0.0289151087603 0.0353421304133
0.0175242728272 0.0227117002274
