166 130 167
142 191 164
175 141 139
175 177 141
167 130 131
82 34 35
95 21 22
82 81 34
105 16 17
107 15 16
167 131 168
144 124 71
163 126 124
184 168 170
180 174 147
184 183 168
192 177 175
173 139 137
173 175 139
97 20 21
174 149 147
97 21 95
174 176 149
83 36 37
183 167 168
29 0 57
102 45 46
183 182 167
98 43 44
174 138 140
174 140 176
190 181 163
182 166 167
178 143 177
178 180 145
100 44 45
187 171 185
144 163 124
111 13 14
179 152 150
179 150 176
192 184 177
172 174 180
169 135 133
114 52 53
169 171 135
111 113 13
92 40 41
186 180 178
118 9 10
186 172 180
169 133 165
189 162 164
162 122 125
121 5 6
6 2 7
162 125 164
181 165 163
181 169 165
190 123 162
83 35 36
93 22 23
185 171 169
153 106 108
189 185 181
88 38 39
192 183 184
97 99 20
186 170 172
184 178 177
121 6 7
119 54 1
185 169 181
93 23 91
75 3 30
191 166 182
186 178 184
186 184 170
188 175 173
188 173 187
153 151 106
188 182 183
188 187 182
191 182 187
191 187 185
190 162 189
70 4 55
85 26 27
190 189 181
191 185 189
74 61 62
74 76 61
160 113 158
116 10 11
80 57 58
76 60 61
191 189 164
121 7 8
80 58 77
67 28 29
129 78 79
70 55 73
82 35 83
192 188 183
192 175 188
100 98 44
102 100 45
146 96 98
78 30 31
129 79 81
66 132 84
67 80 66
67 66 84
68 126 163
79 31 32
75 30 78
68 163 165
109 14 15
153 158 151
106 47 48
72 63 64
77 58 59
91 23 24
90 39 40
165 132 68
77 59 60
179 176 146
69 148 154
99 19 20
101 18 19
114 51 52
119 117 54
116 11 115
119 1 5
92 41 94
94 41 42
75 56 3
81 33 34
112 50 51
108 48 49
101 19 99
103 17 18
70 65 4
77 60 76
89 24 25
89 25 87
93 95 22
96 42 43
116 118 10
120 8 9
115 11 12
113 12 13
79 78 31
79 32 33
96 43 98
94 42 96
119 5 121
117 53 54
115 12 113
112 51 114
110 49 50
108 106 48
72 62 63
85 87 26
89 91 24
87 25 26
129 81 130
128 77 76
103 18 101
179 146 98
73 55 56
72 74 62
128 76 126
71 64 65
117 114 53
159 112 114
107 16 105
104 46 47
86 37 38
86 83 37
103 105 17
150 105 103
107 109 15
150 103 149
75 73 56
70 71 65
88 39 90
150 152 105
110 50 112
157 118 116
126 76 74
84 27 28
92 90 40
147 99 145
159 114 117
120 9 118
172 136 138
138 90 92
88 86 38
170 134 136
81 79 33
139 93 91
71 72 64
84 85 27
147 101 99
69 179 98
120 121 8
120 119 121
132 85 84
137 91 89
164 125 127
165 133 132
161 159 117
161 117 119
124 74 72
124 126 74
134 86 88
138 92 140
104 102 46
148 100 102
110 108 49
153 160 158
155 108 110
161 119 120
147 149 101
154 109 107
170 168 134
131 83 86
127 75 78
125 73 75
132 133 85
124 72 71
142 127 129
142 164 127
104 47 106
151 104 106
111 14 109
128 68 66
148 151 156
156 111 109
148 102 104
158 113 111
152 107 105
154 156 109
123 71 70
127 125 75
130 81 82
131 86 134
155 116 115
157 159 118
157 110 112
157 112 159
157 155 110
157 116 155
143 97 95
139 91 137
132 66 68
69 98 100
140 92 94
149 103 101
122 70 73
122 73 125
69 100 148
154 107 152
131 82 83
141 95 93
135 89 87
135 87 133
158 111 156
158 156 151
127 78 129
171 137 135
160 115 113
160 155 115
153 108 155
153 155 160
141 93 139
172 170 136
161 120 118
161 118 159
144 71 123
133 87 85
69 154 152
148 104 151
128 80 77
67 84 28
141 143 95
131 130 82
68 128 126
66 80 128
145 99 97
145 97 143
135 137 89
176 140 146
142 129 166
144 123 190
178 145 143
136 88 90
172 138 174
146 140 94
69 152 179
144 190 163
29 57 67
176 150 149
122 123 70
171 173 137
148 156 154
80 67 57
146 94 96
180 147 145
168 131 134
187 173 171
142 166 191
162 123 122
136 90 138
136 134 88
177 143 141
166 129 130
