251 217 254
256 221 258
264 231 229
253 218 216
265 208 248
260 258 223
262 226 261
248 212 250
255 220 218
256 254 219
272 254 256
266 214 251
259 261 224
255 257 220
275 261 259
271 255 253
157 204 93
255 218 253
266 245 214
213 160 283
81 246 206
256 258 264
256 264 263
260 231 264
260 264 258
272 256 263
272 262 270
246 209 205
249 252 215
270 262 261
273 257 255
249 209 246
139 12 13
245 283 160
269 248 250
273 255 271
79 265 269
270 261 275
283 250 213
124 20 21
283 277 250
274 259 257
274 275 259
268 252 249
268 249 246
273 274 257
265 248 269
282 275 274
282 279 275
279 277 266
279 270 275
124 21 122
138 13 14
131 58 59
81 247 278
284 271 253
6 2 7
282 277 279
179 120 118
281 274 273
181 120 179
272 270 254
120 22 23
122 21 22
90 67 3
272 263 262
138 14 136
276 227 230
97 40 41
267 260 225
147 7 8
147 8 146
276 237 235
95 68 69
276 235 267
277 269 250
281 273 280
144 65 1
147 6 7
140 63 64
113 49 50
98 41 42
278 247 265
280 273 271
133 59 60
130 17 18
279 266 251
279 251 270
284 268 278
79 269 280
281 280 269
85 74 75
281 269 277
123 54 55
95 35 68
35 0 68
146 8 9
282 281 277
148 34 35
148 35 95
106 29 30
90 88 67
108 28 29
108 110 28
282 274 281
121 53 54
113 50 115
181 122 120
88 66 67
283 245 266
283 266 277
79 278 265
154 88 90
92 36 37
94 37 38
85 87 74
140 137 63
79 284 278
115 50 51
128 18 19
79 280 271
86 4 66
79 271 284
80 161 245
91 71 72
99 33 34
94 38 96
100 42 43
109 47 48
110 27 28
80 245 160
129 57 58
171 109 111
132 16 17
120 122 22
116 24 25
144 142 65
144 1 5
86 78 4
81 268 246
137 62 63
142 64 65
83 76 77
110 112 27
93 69 70
84 77 78
81 278 268
172 112 110
88 86 66
101 32 33
112 26 27
175 113 115
103 44 45
82 157 155
119 52 53
138 139 13
82 211 157
104 30 31
137 61 62
131 129 58
101 102 32
85 75 76
136 14 15
125 55 56
131 59 133
141 11 12
114 25 26
100 98 42
107 46 47
100 43 44
89 72 73
102 31 32
84 83 77
89 73 87
127 56 57
127 57 129
105 45 46
114 26 112
101 33 99
104 106 30
141 12 139
143 10 11
107 47 109
103 45 105
188 127 129
132 17 130
121 54 123
121 119 53
162 101 99
91 70 71
87 73 74
89 91 72
93 95 69
93 70 91
128 19 126
183 124 122
143 145 10
140 64 142
211 163 162
205 153 149
134 15 16
125 123 55
107 105 46
114 116 25
85 76 83
149 87 85
182 121 123
128 130 18
135 60 61
135 133 60
181 183 122
165 103 105
97 41 98
94 92 37
84 78 86
104 31 102
145 9 10
145 146 9
108 29 106
97 96 40
188 186 127
240 198 197
149 153 87
205 149 150
147 5 6
202 142 144
125 56 127
134 16 132
135 61 137
197 138 136
171 169 109
174 114 112
172 174 112
156 90 92
163 102 101
170 110 108
153 89 87
148 99 34
200 142 202
192 131 133
185 126 124
117 51 52
143 11 141
242 199 198
168 108 106
118 23 24
204 162 99
170 172 110
194 133 135
199 141 139
118 120 23
118 24 116
111 48 49
111 109 48
96 38 39
96 39 40
147 146 144
147 144 5
163 101 162
160 97 98
221 169 171
126 19 20
202 144 146
200 202 203
117 115 51
117 52 119
170 108 168
155 91 89
194 192 133
200 140 142
113 111 49
175 115 117
126 20 124
178 117 119
156 154 90
158 92 94
90 3 36
90 36 92
191 132 130
240 188 190
103 100 44
159 96 97
180 119 121
180 121 182
134 136 15
197 198 138
191 193 132
195 136 134
165 105 167
217 165 167
196 135 137
201 143 141
80 98 100
80 100 161
196 194 135
198 139 138
195 134 193
191 130 189
164 104 102
152 86 88
189 130 128
175 117 178
169 107 109
176 116 114
184 123 125
184 125 186
156 92 158
166 106 104
232 180 182
187 128 126
164 102 163
152 88 154
203 145 143
203 143 201
159 97 160
159 94 96
185 124 183
178 119 180
199 139 198
199 201 141
187 189 128
187 126 185
193 134 132
186 125 127
151 84 86
151 86 152
166 168 106
149 85 83
176 114 174
167 105 107
161 100 103
212 158 213
195 197 136
184 182 123
253 252 284
157 93 91
196 137 140
242 244 199
177 118 116
177 116 176
166 104 164
155 157 91
222 172 170
250 212 213
190 129 131
236 195 193
242 198 240
244 201 199
202 146 145
202 145 203
257 222 220
82 155 209
217 214 165
169 167 107
204 157 162
268 284 252
159 158 94
213 158 159
224 174 172
161 103 165
224 172 222
213 159 160
232 230 180
236 193 234
236 184 186
231 181 179
248 208 210
208 152 154
241 191 189
235 185 183
190 131 192
190 188 129
241 234 191
227 175 178
236 234 184
242 192 244
177 179 118
229 179 177
215 163 211
150 83 84
243 203 201
243 194 196
200 196 140
243 196 200
226 176 174
254 217 219
82 209 249
155 89 153
150 149 83
150 84 151
173 111 113
173 171 111
239 189 187
239 241 189
173 113 175
227 178 230
259 224 222
209 155 153
206 150 151
206 205 150
233 183 181
231 179 229
230 178 180
225 173 175
216 166 164
210 154 156
233 235 183
218 168 166
218 220 168
220 170 168
210 208 154
252 216 215
207 151 152
207 206 151
217 167 219
80 160 98
243 200 203
244 192 194
245 161 214
214 161 165
226 174 224
219 167 169
225 175 227
262 228 226
207 152 208
209 153 205
276 225 227
267 235 233
262 263 228
228 177 176
238 197 195
238 240 197
237 187 185
237 185 235
204 148 95
204 99 148
234 182 184
234 193 191
276 267 225
267 233 260
239 187 237
232 182 234
238 188 240
238 186 188
220 222 170
218 166 216
243 201 244
243 244 194
211 162 157
82 249 211
223 171 173
233 181 231
265 247 208
252 253 216
242 190 192
242 240 190
239 237 230
232 234 241
249 215 211
95 93 204
212 156 158
212 210 156
238 236 186
238 195 236
223 173 225
221 219 169
221 171 223
263 229 228
228 176 226
228 229 177
247 207 208
247 206 207
263 264 229
259 222 257
246 205 206
81 206 247
232 241 239
232 239 230
276 230 237
260 233 231
260 223 225
261 226 224
215 164 163
215 216 164
258 221 223
256 219 221
248 210 212
270 251 254
251 214 217
13 4 3
5 10 11
12 13 0
9 10 6
13 12 4
14 8 9
14 13 8
14 9 6
5 6 10
14 6 7
14 7 13
7 0 13
5 1 2
5 11 1
13 3 8