638 614 612
631 605 604
621 562 591
635 637 610
636 617 616
613 577 615
209 21 22
618 600 558
603 565 602
206 89 90
204 88 89
633 607 606
204 89 206
593 597 553
611 609 573
636 609 611
123 601 600
618 558 588
636 611 617
622 594 571
621 591 596
626 597 593
632 606 605
619 559 589
613 584 582
613 582 617
619 588 559
620 623 595
613 615 584
613 617 611
638 612 637
627 599 594
632 633 606
640 596 597
623 589 595
629 603 602
634 608 607
625 593 592
634 607 633
624 625 592
626 593 625
634 635 608
167 42 43
151 50 51
658 655 628
622 627 594
640 621 596
632 605 631
648 632 631
651 635 634
318 216 215
641 629 602
630 604 603
134 109 110
623 619 589
183 34 35
630 603 629
176 74 75
195 28 29
658 638 637
624 598 628
655 635 651
655 651 645
167 169 42
648 649 632
630 631 604
645 625 624
255 150 149
650 634 633
643 620 621
646 626 625
658 637 655
622 609 636
639 636 616
141 105 106
639 622 636
652 642 629
225 99 1
657 649 648
124 619 623
182 77 78
182 78 184
161 45 46
161 163 45
644 623 620
141 106 139
200 86 87
148 59 60
652 629 641
618 588 619
121 639 638
121 627 622
644 620 643
649 633 632
650 633 649
225 1 5
174 73 74
657 654 649
640 597 626
195 29 193
147 53 54
657 643 653
645 646 625
133 119 4
645 624 628
654 626 646
651 646 645
642 630 629
647 631 630
647 648 631
133 4 100
131 118 119
647 630 642
136 100 101
305 203 201
652 618 619
641 600 618
657 656 643
124 623 644
650 646 651
154 63 64
156 64 65
650 651 634
654 653 626
653 643 621
147 149 53
132 110 111
644 647 642
192 82 83
201 25 26
656 648 647
156 65 158
652 641 618
124 644 642
653 621 640
653 640 626
154 64 156
654 646 650
189 31 32
186 79 80
228 5 6
229 10 11
654 650 649
189 32 187
222 14 15
655 637 635
191 30 31
186 184 79
655 645 628
229 231 10
656 647 644
656 644 643
657 653 654
657 648 656
222 15 220
213 19 20
224 13 14
224 14 222
212 92 93
212 210 92
286 182 184
187 32 33
658 628 627
121 622 639
122 428 505
122 505 508
132 134 110
255 256 150
121 638 658
121 658 627
165 43 44
558 500 588
232 54 55
104 55 0
198 85 86
194 83 84
202 87 88
209 22 207
148 60 233
136 101 138
405 120 486
659 329 328
248 140 142
140 102 103
661 549 480
273 171 169
661 489 549
340 660 338
213 215 19
305 201 303
142 3 56
130 111 112
429 660 342
187 33 185
203 24 25
184 78 79
225 5 228
8 2 9
249 247 254
151 153 50
185 33 34
160 66 67
168 70 71
164 68 69
152 62 63
120 490 488
142 103 3
144 56 57
168 71 170
171 40 41
221 97 98
230 231 229
124 642 652
344 345 662
220 15 16
211 20 21
221 98 223
124 652 619
160 158 66
166 69 70
142 140 103
138 101 102
175 38 39
162 67 68
125 114 115
131 129 118
202 88 204
212 93 214
329 228 230
231 9 10
179 36 37
172 72 73
243 135 134
135 108 109
189 191 31
288 184 186
218 16 17
218 17 216
125 113 114
152 63 154
128 112 113
128 130 112
123 600 641
123 641 602
207 22 23
196 84 85
129 117 118
127 116 117
196 194 84
205 23 24
139 106 107
141 143 105
125 128 113
153 49 50
188 80 81
198 86 200
166 70 168
169 41 42
178 75 76
178 76 180
320 217 219
323 222 220
180 76 77
180 77 182
183 185 34
174 74 176
135 109 134
159 46 47
233 61 62
144 142 56
177 37 38
170 71 72
179 181 36
170 72 172
231 8 9
231 7 8
195 197 28
192 83 194
175 177 38
158 65 66
146 58 59
157 47 48
173 39 40
179 37 177
230 6 7
323 325 222
190 81 82
190 82 192
162 160 67
162 68 164
131 119 133
127 126 116
223 98 99
227 11 12
173 175 39
431 662 345
145 57 58
146 59 148
143 55 104
143 104 105
210 91 92
216 17 18
199 26 27
199 201 26
150 51 52
149 52 53
215 18 19
215 216 18
219 96 97
214 93 94
401 308 310
208 91 210
138 102 140
127 117 129
198 196 85
211 213 20
181 35 36
181 183 35
286 284 182
186 80 188
163 44 45
157 159 47
275 173 171
279 177 175
290 186 188
197 27 28
223 99 225
227 12 226
150 52 149
237 130 128
173 40 171
272 168 170
230 228 6
230 7 231
307 205 203
205 207 23
190 188 81
303 201 199
193 29 30
193 30 191
317 215 213
308 204 206
302 198 200
197 199 27
227 229 11
226 12 13
263 159 157
155 48 49
166 164 69
275 171 273
294 190 192
296 192 194
218 220 16
208 90 91
202 200 87
306 202 204
178 176 75
286 184 288
132 111 130
151 51 150
262 156 158
331 162 164
155 157 48
155 49 153
161 46 159
136 133 100
261 157 155
350 256 255
256 151 150
350 255 349
211 21 209
302 200 304
329 230 229
329 229 227
240 131 133
145 144 57
296 194 298
307 309 205
391 298 300
302 300 198
232 55 143
241 134 132
248 246 140
169 171 41
240 133 242
165 167 43
282 178 180
282 180 284
374 280 282
290 288 186
235 126 127
234 128 125
217 95 96
217 96 219
203 205 24
203 25 201
265 161 159
234 125 126
224 226 13
221 219 97
233 62 152
330 253 148
322 219 221
322 320 219
281 179 177
295 193 191
264 158 160
264 160 162
214 94 95
214 95 217
326 223 225
326 225 228
324 221 223
328 227 226
242 133 136
253 146 148
268 164 166
267 165 163
293 191 189
301 199 197
254 149 147
249 143 141
174 172 73
287 185 183
257 153 151
137 107 108
314 210 212
316 214 217
272 170 274
268 166 270
137 108 135
137 139 107
311 209 207
304 200 202
310 206 208
316 217 320
145 58 146
251 144 145
331 264 162
258 152 154
246 138 140
265 159 263
266 163 161
245 139 137
126 115 116
126 125 115
261 263 157
257 259 153
208 206 90
313 211 209
290 188 292
277 175 173
372 278 280
274 170 172
165 44 163
238 129 131
276 172 174
287 289 185
285 183 181
289 187 185
249 147 232
232 147 54
250 142 144
266 161 265
297 195 193
313 315 211
259 155 153
269 167 165
252 145 146
241 243 134
278 174 176
280 176 178
249 232 143
247 141 139
237 128 234
239 132 130
292 188 190
301 303 199
299 197 195
292 190 294
236 127 129
235 234 126
316 212 214
310 308 206
285 287 183
278 176 280
315 213 211
321 220 218
323 220 321
312 208 210
299 301 197
394 303 301
269 165 267
271 169 167
247 249 141
239 130 237
284 180 182
291 189 187
243 137 135
243 245 137
385 292 294
299 195 297
312 210 314
318 215 317
298 194 196
402 311 309
260 154 156
260 258 154
315 317 213
296 294 192
488 486 120
328 226 327
341 245 243
514 442 441
281 283 179
450 369 367
319 218 216
312 310 208
244 136 138
438 356 354
262 158 264
244 138 246
251 145 252
266 267 163
259 261 155
235 127 236
271 167 269
353 258 260
277 173 275
281 177 279
358 265 263
262 260 156
316 314 212
407 314 316
407 316 320
319 321 218
327 226 224
324 322 221
356 263 261
503 424 426
283 181 179
276 274 172
254 255 149
254 147 249
324 223 326
328 329 227
408 317 315
306 204 308
270 166 168
270 168 272
387 294 296
309 207 205
238 236 129
244 242 136
295 191 293
295 297 193
350 351 256
247 139 245
445 362 364
283 285 181
396 305 303
307 203 305
380 289 287
372 370 278
413 323 321
325 224 222
409 318 317
401 399 308
291 293 189
291 187 289
306 304 202
313 209 311
450 452 369
367 275 273
393 300 302
408 315 406
319 216 318
403 310 312
349 255 254
429 342 662
250 248 142
348 252 253
332 237 234
257 151 256
300 196 198
300 298 196
253 252 146
330 148 233
276 174 278
447 364 366
239 241 132
356 261 354
331 164 268
271 273 169
384 293 291
382 291 289
238 131 240
426 338 660
358 359 265
332 234 235
659 328 416
325 327 224
361 269 267
250 144 251
406 315 313
393 302 395
384 386 293
388 297 295
357 262 264
360 267 266
659 416 326
416 328 327
309 311 207
395 302 304
344 662 342
339 243 241
380 287 379
379 287 285
364 270 272
454 373 371
277 279 175
353 260 355
351 257 256
352 259 257
377 285 283
374 372 280
360 361 267
425 335 422
388 295 386
392 301 299
404 313 311
404 406 313
416 324 326
414 322 324
338 240 242
347 251 252
363 271 269
456 375 373
418 348 253
418 253 330
492 410 409
405 312 314
395 304 397
396 398 305
387 385 294
392 299 390
358 263 356
373 281 279
339 341 243
352 354 259
401 310 403
416 414 324
282 280 178
381 288 290
347 346 251
345 248 250
344 246 248
344 248 345
396 303 394
398 307 305
338 336 240
354 261 259
340 242 244
332 235 333
423 333 334
430 341 428
405 403 312
415 325 323
337 241 239
352 257 351
400 309 307
389 296 298
456 373 454
365 273 271
333 235 236
337 239 335
411 321 319
411 413 321
370 276 278
368 274 276
390 299 297
389 298 391
412 320 322
415 417 325
362 268 270
355 260 262
488 413 411
410 319 318
383 290 292
378 284 286
400 307 398
400 402 309
355 262 357
363 269 361
368 276 370
376 282 284
412 407 320
412 322 414
415 323 413
488 490 413
419 357 264
452 371 369
377 379 285
445 364 447
430 350 349
335 239 237
404 311 402
397 304 306
380 382 289
376 374 282
343 254 247
492 409 491
383 292 385
383 381 290
458 377 375
497 357 419
366 272 274
366 274 368
334 236 238
334 333 236
497 439 357
498 420 362
343 247 245
343 245 341
120 407 412
417 327 325
389 387 296
483 402 400
410 318 409
410 411 319
399 306 308
408 409 317
359 266 265
346 250 251
397 306 399
489 408 406
478 395 397
393 391 300
120 412 490
405 314 407
342 244 246
342 246 344
346 345 250
347 252 348
541 477 539
541 479 477
493 411 410
489 406 487
365 367 273
449 366 368
455 372 374
460 379 377
438 354 436
428 341 339
335 237 332
337 339 241
392 394 301
378 376 284
338 242 340
423 334 424
364 272 366
364 362 270
336 238 240
336 334 238
369 277 275
369 275 367
375 283 281
375 377 283
330 152 258
330 233 152
484 401 403
482 399 401
378 286 288
457 374 376
435 352 351
421 332 333
440 358 356
424 334 336
448 367 365
421 333 423
417 416 327
417 414 416
418 330 258
363 365 271
386 295 293
388 390 297
384 291 382
378 288 381
448 365 446
431 345 346
371 279 277
371 277 369
360 266 359
497 419 420
473 392 390
464 381 383
471 390 388
464 461 381
474 391 393
482 480 399
473 390 471
534 461 464
517 446 444
432 346 347
490 412 494
494 412 414
430 434 350
434 351 350
461 378 381
466 383 385
487 406 404
548 487 485
475 394 392
479 398 396
342 340 244
662 431 551
373 279 371
373 375 281
432 347 433
499 588 500
443 361 360
443 444 361
343 349 254
122 434 430
469 388 386
469 386 467
457 376 459
453 370 372
475 392 473
481 400 398
511 437 439
449 447 366
436 354 352
441 359 358
481 483 400
480 397 399
485 404 402
493 410 492
470 387 389
485 402 483
494 414 417
494 417 415
427 339 337
427 428 339
503 502 424
442 360 359
451 368 370
532 459 461
418 258 353
61 233 60
485 487 404
472 389 391
459 376 378
465 384 382
490 415 413
490 494 415
477 396 394
477 479 396
467 386 384
469 471 388
480 478 397
549 478 480
472 391 474
549 489 487
542 471 469
540 469 467
491 409 408
491 408 489
476 393 395
476 395 478
425 337 335
434 435 351
436 352 435
660 429 550
475 477 394
468 385 387
468 466 385
468 387 470
482 401 484
482 484 491
476 474 393
547 476 548
444 363 361
443 360 442
661 491 489
548 476 478
459 378 461
465 467 384
446 365 363
446 363 444
486 488 493
492 491 484
441 358 440
441 442 359
455 374 457
463 382 380
463 380 462
455 453 372
432 431 346
660 550 426
420 268 362
420 331 268
426 336 338
426 424 336
439 355 357
433 347 348
340 342 660
662 551 429
419 264 331
419 331 420
502 423 424
509 436 435
458 375 456
540 542 469
532 530 459
462 380 379
499 423 502
517 444 516
505 428 427
122 430 428
527 456 454
530 457 459
462 379 460
533 462 460
458 460 377
451 449 368
472 470 389
481 398 479
514 441 513
518 445 447
541 543 479
545 472 474
463 465 382
530 528 457
524 453 526
524 451 453
464 383 466
541 470 543
547 548 485
543 481 479
437 353 355
452 454 371
422 335 332
422 332 421
615 577 579
531 460 458
547 483 545
547 545 474
486 403 405
486 484 403
520 447 449
526 453 455
120 405 407
488 411 493
515 443 442
450 367 448
515 442 514
438 440 356
425 427 337
565 513 512
451 370 453
529 458 456
512 440 438
499 421 423
519 448 446
515 516 443
539 466 468
539 477 475
522 449 451
516 444 443
430 349 343
430 343 341
437 355 439
495 433 348
486 492 484
486 493 492
495 348 418
496 418 353
521 450 448
498 362 445
122 508 434
508 435 434
538 467 465
326 228 659
543 470 472
545 483 481
506 431 432
496 495 418
510 438 436
510 436 509
546 475 473
546 539 475
507 432 433
507 506 432
579 587 586
528 455 457
531 533 460
521 448 519
527 454 525
525 454 452
526 455 528
524 522 451
536 465 463
579 577 526
513 441 440
513 440 512
496 353 437
552 507 433
500 422 421
501 425 422
329 659 228
538 540 467
661 482 491
661 480 482
504 427 425
504 505 427
537 464 466
537 534 464
520 449 522
518 447 520
548 478 549
548 549 487
501 422 500
510 512 438
499 500 421
551 431 506
531 458 529
535 463 462
527 529 456
552 433 495
517 519 446
605 568 567
556 495 496
553 496 437
561 505 504
561 504 560
592 511 554
523 452 450
579 526 528
582 531 529
543 472 545
543 545 481
547 474 476
547 485 483
535 462 533
535 536 463
523 525 452
523 450 521
573 520 522
582 584 531
587 536 535
532 461 534
508 509 435
561 509 508
541 468 470
541 539 468
538 465 536
585 534 542
544 473 471
544 546 473
578 527 525
637 612 610
558 501 500
501 504 425
562 506 507
537 466 546
576 525 523
572 521 519
564 512 510
600 560 558
544 537 546
544 471 542
581 528 530
585 532 534
585 542 540
583 540 538
561 508 505
550 503 426
498 497 420
554 511 439
553 437 511
570 519 517
576 578 525
572 519 570
615 579 586
555 445 518
544 542 534
544 534 537
570 517 569
565 512 564
559 502 503
563 510 509
577 524 526
573 571 520
554 439 497
557 497 498
566 514 513
569 517 516
550 429 551
567 515 514
559 499 502
539 546 466
589 503 550
589 550 595
580 529 527
580 527 578
571 518 520
616 580 578
557 554 497
628 598 599
560 504 501
560 501 558
555 498 445
555 557 498
595 550 551
590 551 506
552 495 556
568 516 515
582 529 580
584 533 531
566 513 565
600 601 560
608 572 570
574 523 521
563 509 561
563 564 510
588 499 559
566 567 514
574 521 572
556 496 553
586 535 533
586 533 584
575 522 524
575 573 522
590 506 562
605 567 604
592 554 598
607 570 569
581 538 536
583 585 540
614 578 576
574 576 523
568 569 516
568 515 567
607 569 606
603 566 565
603 604 566
601 564 563
583 538 581
583 530 532
593 553 511
614 616 578
587 581 536
587 535 586
595 551 590
597 556 553
628 599 627
575 524 577
609 571 573
615 586 584
579 528 581
579 581 587
613 575 577
614 576 612
583 581 530
583 532 585
596 552 556
591 507 552
594 518 571
639 616 614
599 557 555
594 555 518
613 611 575
611 573 575
612 576 574
591 562 507
601 561 560
601 563 561
624 592 598
602 565 564
635 610 608
610 574 572
606 569 568
604 567 566
598 554 557
598 557 599
620 590 562
620 562 621
607 608 570
605 606 568
617 582 580
617 580 616
596 591 552
593 511 592
123 564 601
123 602 564
594 599 555
622 571 609
597 596 556
639 614 638
610 572 608
610 612 574
589 559 503
620 595 590
